100
921 667
136 165
110 933
26 468
636 815
331 262
207 703
447 845
111 654
609 177
546 743
239 55
398 950
64 573
267 410
549 616
820 858
985 48
80 585
189 647
661 584
837 386
117 178
815 697
705 700
565 8
421 442
571 991
603 998
733 638
915 877
27 658
996 67
207 865
396 370
12 937
160 43
877 804
117 784
756 954
70 606
909 715
210 760
128 230
839 74
274 679
650 904
196 980
854 167
941 364
948 340
32 840
690 995
284 849
155 382
647 949
291 708
896 560
522 323
444 68
532 459
891 220
701 50
195 453
995 530
763 765
555 739
436 624
257 832
956 800
369 407
415 228
440 737
393 131
998 671
861 329
21 300
789 574
898 853
806 548
11 466
86 562
226 392
694 255
6 647
881 843
877 794
751 917
741 610
797 234
494 828
974 478
427 344
87 44
616 764
763 846
541 762
208 568
871 186
917 420
