10000
455 710
17 591
991 513
616 44
213 159
153 713
57 720
152 697
405 404
976 814
578 569
956 610
448 722
269 541
126 75
825 2
767 985
776 994
753 630
806 373
363 167
103 738
350 495
700 113
631 89
413 779
592 293
171 537
555 166
773 207
266 818
19 624
818 996
971 705
943 796
565 342
565 830
233 847
152 752
640 992
613 915
719 208
605 505
778 615
215 631
625 652
606 789
783 542
605 691
319 387
675 195
580 332
730 23
526 346
105 268
31 751
832 875
177 821
742 467
58 29
399 930
834 308
454 911
349 930
209 609
73 25
383 9
621 55
908 925
956 450
315 65
89 687
726 206
654 704
977 645
659 606
995 384
987 143
809 735
557 873
429 780
194 735
958 976
851 368
936 742
992 891
661 176
466 981
137 14
936 349
226 589
660 291
285 26
882 361
801 703
168 106
732 633
261 377
505 186
892 43
702 785
230 183
725 92
766 636
301 670
207 151
133 641
366 359
175 952
157 211
58 275
813 34
686 21
560 173
303 391
767 259
715 661
644 810
535 89
470 867
92 750
879 594
450 313
713 956
84 199
999 847
259 399
282 466
36 687
207 594
436 638
547 115
951 910
64 767
595 606
783 705
845 759
89 643
307 373
315 680
212 297
430 158
719 129
277 60
352 3
644 512
402 180
82 787
331 388
361 588
272 208
219 704
406 774
174 215
663 521
113 431
723 938
28 885
293 946
23 764
782 794
148 789
852 994
868 978
73 766
964 790
97 573
386 957
168 541
56 720
431 689
619 103
940 751
406 285
13 698
890 532
53 475
35 29
99 165
434 548
891 71
812 856
546 266
175 994
491 671
271 416
311 300
250 362
667 823
269 62
256 359
582 856
794 999
923 265
634 319
385 893
799 951
98 250
825 17
504 286
275 432
648 772
948 354
223 61
819 34
709 108
286 809
555 771
988 994
414 21
424 240
849 614
81 736
216 473
908 636
459 391
720 936
293 438
633 311
294 755
944 238
45 502
906 605
324 883
903 170
525 51
782 330
94 372
145 711
765 350
445 971
495 424
411 169
815 836
351 854
216 82
398 478
96 442
792 107
286 521
123 954
371 424
470 304
73 897
57 956
499 543
37 476
137 850
827 496
605 138
495 560
279 777
955 168
656 844
94 232
701 129
419 51
300 992
478 361
179 979
412 242
991 580
261 168
124 888
34 254
223 20
602 545
847 171
862 899
704 800
53 147
928 715
805 717
784 588
524 669
426 447
602 884
341 955
115 289
218 516
121 801
661 242
204 490
899 296
852 531
256 365
93 933
44 587
690 709
263 463
781 821
956 814
178 454
139 477
598 564
401 213
694 657
19 495
864 436
940 565
746 35
551 88
799 695
823 540
518 372
495 834
417 370
581 509
917 651
594 124
510 335
431 858
381 166
853 865
597 77
585 973
46 424
764 387
180 163
439 137
862 656
110 759
948 21
388 150
794 296
242 751
235 373
181 197
383 850
514 438
553 982
236 504
995 944
248 964
802 688
255 873
78 918
212 446
736 871
865 852
353 491
310 316
254 942
271 86
8 479
324 358
698 671
393 351
823 869
380 78
534 743
637 371
769 291
625 904
853 325
739 18
931 762
350 970
936 119
46 236
780 550
280 404
784 998
649 64
367 157
395 512
641 149
48 790
870 694
702 765
493 31
932 951
180 676
444 401
744 149
33 162
351 276
347 859
445 497
362 874
163 46
850 252
515 264
774 936
864 709
75 763
342 100
976 518
115 245
430 581
228 723
2 380
824 296
720 231
913 693
118 695
959 979
79 138
957 618
637 591
417 621
956 409
618 434
720 788
273 948
260 356
955 570
447 794
59 394
5 827
474 226
140 910
379 983
559 8
431 429
318 547
370 404
42 476
948 258
178 323
483 860
943 61
526 82
652 255
264 715
739 266
213 705
35 58
396 747
894 785
12 896
606 378
747 950
199 701
71 824
179 902
109 829
910 354
766 366
335 860
514 353
737 63
738 941
778 350
940 292
459 533
721 328
469 470
216 773
400 380
977 346
165 822
348 179
587 122
842 617
683 778
841 139
340 346
543 703
333 816
91 700
662 545
206 215
937 209
284 901
416 316
828 897
444 796
743 177
390 646
898 711
895 600
21 844
994 539
741 301
848 569
969 956
892 397
937 559
45 726
77 92
13 299
314 226
298 211
43 363
507 878
11 715
607 58
541 563
611 726
843 85
353 128
169 952
509 252
673 26
363 66
447 245
74 57
224 41
210 274
781 209
18 862
325 562
587 670
71 83
77 141
843 935
761 165
257 73
350 954
262 810
409 483
32 756
344 882
880 714
104 402
522 866
128 473
753 388
836 68
177 491
634 43
259 327
231 886
851 658
645 402
188 790
239 78
966 199
6 4
850 295
760 726
47 463
140 173
635 773
810 549
412 893
891 742
905 459
256 117
661 904
827 118
379 818
62 688
411 878
60 361
377 546
31 595
751 361
860 725
636 910
42 759
569 105
175 824
644 266
986 221
108 33
716 331
525 147
544 528
522 553
414 158
558 246
708 661
670 169
367 110
342 550
349 2
461 468
36 373
586 738
645 40
162 170
752 359
714 233
900 822
871 440
333 577
99 771
399 552
691 418
125 170
495 284
564 237
742 551
838 508
908 880
443 809
855 222
140 324
76 451
24 788
368 542
770 893
355 940
952 647
805 557
793 228
787 723
474 978
128 419
56 107
579 42
983 323
542 862
721 531
474 704
301 564
99 360
564 562
764 667
671 137
714 662
826 139
484 21
975 958
567 64
263 34
122 886
939 827
463 215
615 436
121 790
885 100
342 201
989 333
523 882
722 118
763 870
411 541
810 24
259 64
440 37
804 979
466 766
277 306
66 34
456 728
784 347
701 328
645 678
318 426
195 997
182 301
511 298
744 828
867 713
694 676
102 960
425 331
311 567
610 725
403 110
579 556
23 590
823 351
883 396
445 598
393 310
787 972
152 981
598 463
880 241
954 328
502 71
662 44
964 503
580 792
771 360
543 429
542 338
515 397
125 324
539 624
60 872
377 463
414 565
747 874
317 113
867 977
961 410
276 769
838 823
301 602
824 804
309 737
901 546
384 548
486 297
864 897
677 983
444 84
16 705
706 130
78 133
532 284
683 328
991 695
374 427
204 724
271 753
72 198
112 633
490 537
304 941
472 117
140 839
751 61
250 553
993 581
497 308
94 422
280 704
206 335
696 78
614 393
438 551
793 981
491 738
379 733
143 528
486 175
583 292
80 805
861 65
857 194
879 764
823 127
451 506
923 855
756 2
199 256
421 616
722 613
526 6
782 521
702 506
407 953
500 885
577 407
980 149
389 704
642 422
65 282
937 445
500 437
947 148
95 481
717 307
300 995
780 973
861 970
80 616
302 332
247 728
530 593
868 17
635 433
67 57
444 403
614 943
483 736
659 605
945 71
741 656
945 581
68 221
560 227
935 673
361 767
877 663
83 680
731 267
973 671
940 524
922 448
899 583
315 608
303 640
859 202
348 739
719 708
978 93
606 609
848 598
378 68
311 197
324 997
593 705
781 888
499 727
572 389
312 426
838 940
909 203
73 280
525 11
99 729
309 923
108 926
230 299
6 15
638 120
665 949
590 187
407 767
329 764
614 277
936 807
200 139
545 459
572 71
281 88
988 19
264 755
240 390
765 704
943 382
197 968
187 376
868 393
394 757
686 749
633 417
318 129
291 814
840 128
897 414
202 266
539 707
301 573
124 118
873 78
799 345
99 238
39 703
226 127
627 65
584 259
804 104
997 386
1 802
75 245
301 638
303 10
319 379
432 905
278 878
2 330
204 213
459 85
170 756
753 619
596 244
107 591
428 476
391 954
558 824
383 696
691 839
948 84
242 750
584 607
713 478
456 761
784 192
525 310
821 287
505 581
87 542
284 437
898 30
88 245
513 273
386 988
659 977
756 234
270 793
198 727
425 802
241 820
359 844
521 232
669 152
4 241
558 806
997 304
755 191
343 149
930 789
282 249
418 778
613 962
155 539
72 467
698 827
637 195
825 650
674 349
420 566
381 375
131 843
275 849
407 709
296 743
494 306
893 667
898 64
286 517
141 965
289 755
952 808
876 957
257 12
323 513
821 936
598 118
871 801
383 913
897 131
133 447
107 909
326 794
6 845
827 431
893 828
455 920
682 760
263 863
546 71
618 180
700 123
333 419
415 929
877 106
593 851
929 167
6 753
880 522
777 74
927 426
322 81
412 507
962 866
476 723
767 734
244 213
905 915
646 956
25 562
416 457
749 359
136 155
426 250
823 198
974 978
663 773
748 632
129 520
5 960
407 189
975 65
490 833
789 376
443 959
849 798
649 376
947 587
73 874
476 997
574 36
368 170
395 34
110 282
793 976
990 532
57 55
865 588
639 562
593 644
831 887
246 565
622 246
423 297
966 866
404 541
460 348
544 313
175 274
970 297
185 950
210 833
758 241
26 68
755 627
419 960
682 597
102 300
280 463
776 777
977 808
326 412
600 621
602 990
742 684
619 522
370 535
432 527
230 95
584 275
230 447
394 983
290 172
310 517
436 575
854 527
991 144
139 353
268 503
162 669
787 767
369 356
596 224
737 463
980 591
142 660
370 881
895 57
510 971
424 5
465 810
564 775
867 522
691 260
188 3
582 600
61 996
167 808
446 950
208 426
874 761
810 494
267 190
130 531
720 637
245 806
132 781
373 994
988 640
861 877
222 337
519 406
211 148
285 293
763 529
944 595
717 409
415 159
757 986
19 50
955 474
746 296
230 955
912 476
10 547
69 577
101 658
801 329
962 517
545 234
163 202
37 155
38 20
201 612
143 225
822 301
3 607
306 776
730 728
41 169
601 848
11 430
423 810
593 749
323 967
14 847
220 845
548 40
414 463
438 630
31 442
418 137
794 996
789 893
785 838
335 778
591 944
90 767
64 262
928 976
898 296
623 360
951 18
598 162
945 158
291 927
158 684
102 523
448 454
252 484
775 95
776 389
784 610
109 404
61 707
392 800
531 629
792 225
738 736
480 872
548 555
390 917
231 469
149 228
414 700
593 898
978 243
124 96
450 385
585 127
922 264
722 790
10 296
251 473
33 76
1 18
78 60
599 346
828 701
131 218
685 64
637 579
445 160
819 517
347 962
833 909
347 587
616 889
835 348
377 528
812 689
721 304
49 399
580 894
120 838
84 181
514 378
83 469
284 325
417 94
981 676
752 824
68 512
487 72
586 142
73 308
937 993
604 975
339 48
208 895
302 630
979 25
196 706
179 173
913 700
97 244
887 900
576 610
515 106
493 406
949 894
166 451
423 656
542 49
537 417
302 279
412 952
708 201
692 920
697 936
615 665
837 704
358 114
226 595
645 754
816 382
879 827
452 543
582 458
746 564
198 675
604 828
763 816
516 501
852 756
252 183
591 317
105 948
730 139
491 684
621 200
783 567
538 385
378 23
483 649
672 908
365 502
114 95
358 869
518 943
225 97
66 650
155 183
125 133
827 464
45 879
292 591
787 209
807 602
531 59
530 326
486 811
468 166
609 908
190 666
370 347
214 509
380 185
216 130
237 364
536 813
655 318
37 120
478 716
152 659
258 636
915 791
499 350
24 288
984 927
540 933
439 135
864 201
843 514
934 894
225 459
172 368
135 870
404 525
921 440
976 562
320 843
250 864
293 50
62 915
171 35
516 375
344 564
83 813
694 81
167 944
799 293
101 285
312 298
940 163
428 358
464 227
591 15
678 261
674 362
802 60
797 458
809 173
647 486
719 574
144 738
948 162
685 704
218 2
854 114
156 827
604 895
768 197
790 462
816 729
988 837
130 35
935 951
810 403
508 781
858 619
741 558
301 326
417 910
938 976
828 655
883 485
446 974
23 160
846 787
126 441
381 569
269 169
844 35
604 334
933 404
381 162
351 237
734 726
468 523
596 21
353 228
403 346
292 761
620 179
924 673
989 567
737 333
884 746
510 472
892 819
634 887
631 583
56 172
295 328
730 382
569 259
143 914
598 699
428 45
835 790
230 231
806 47
910 420
229 830
792 769
61 15
601 979
137 458
785 209
711 490
220 773
99 244
173 943
102 989
872 369
396 501
489 176
686 181
443 182
223 539
97 827
642 194
705 292
177 949
228 779
868 27
272 45
417 411
307 823
325 260
505 88
850 354
634 497
611 51
53 255
468 676
808 978
167 725
988 277
355 159
689 189
416 630
780 111
886 115
639 962
120 339
197 630
331 5
239 193
449 134
630 894
573 519
243 839
131 235
672 796
221 796
408 182
875 839
102 739
306 660
720 131
327 930
196 613
194 312
751 287
892 576
828 991
109 28
737 308
351 931
59 20
619 548
797 67
373 862
268 796
341 275
862 272
903 519
169 953
665 730
52 642
47 41
312 676
462 975
142 902
447 979
891 772
790 182
769 9
939 641
446 743
48 287
277 873
501 730
164 956
356 747
9 617
787 567
414 931
317 624
460 391
101 893
296 242
35 81
64 195
92 478
649 443
980 41
182 864
660 260
729 898
433 295
891 419
344 761
386 787
720 84
120 610
917 783
180 840
533 383
110 92
284 60
297 646
730 709
268 544
240 441
562 204
232 516
791 123
250 488
56 837
692 700
63 834
580 525
281 215
959 17
538 67
170 238
469 984
116 340
508 586
204 766
611 836
553 801
9 43
713 30
713 990
452 366
17 315
482 488
488 151
581 670
105 841
695 117
645 174
429 862
373 559
811 808
760 130
401 184
300 730
76 85
280 286
514 480
160 427
19 267
75 354
946 160
213 192
247 182
606 446
211 682
686 263
745 479
591 154
420 779
459 814
669 829
347 265
746 742
815 933
621 6
773 587
664 983
646 94
941 947
947 684
798 368
64 992
422 538
70 625
252 258
866 497
513 771
64 636
919 108
514 852
862 154
141 139
38 648
889 486
699 704
260 117
174 228
948 373
126 705
104 311
3 89
517 159
134 400
792 167
338 56
763 371
129 965
865 845
89 361
184 542
86 974
190 383
417 174
83 634
308 433
371 950
968 546
48 324
355 472
45 45
16 782
899 531
310 419
336 298
213 452
731 90
642 745
35 951
571 134
480 855
487 544
784 554
888 229
483 618
737 392
230 672
149 447
477 993
918 640
849 881
651 761
380 121
79 750
981 153
86 907
691 20
506 562
891 497
73 653
109 300
371 950
96 974
364 695
849 817
947 90
716 889
920 994
923 766
759 570
232 257
876 986
555 533
265 90
848 533
738 632
85 246
914 457
71 836
516 847
3 698
905 992
134 280
628 541
173 596
686 36
196 413
788 848
617 420
832 603
250 27
719 150
379 350
586 729
330 526
816 468
643 264
72 941
755 268
251 916
459 974
701 344
698 921
418 812
472 604
167 376
403 870
814 172
699 229
955 620
820 726
870 54
123 101
485 333
145 606
771 539
601 803
51 443
585 675
628 413
283 33
538 313
70 845
668 740
627 338
798 141
880 589
672 474
495 910
362 440
493 843
888 122
496 668
594 630
943 113
238 808
238 497
234 363
855 990
400 748
174 556
356 394
25 834
436 631
165 240
7 973
576 662
940 100
804 727
659 223
703 324
225 258
580 921
37 332
419 730
171 250
554 801
297 384
63 446
837 630
753 208
931 290
827 999
244 76
843 570
787 339
897 349
81 634
604 263
763 647
604 804
193 141
915 90
963 71
387 213
49 269
765 763
3 609
780 117
287 548
788 556
257 578
169 894
16 411
748 668
926 481
862 337
212 980
274 982
638 498
296 36
870 662
521 758
814 17
584 676
82 558
965 246
616 362
617 398
236 603
210 256
518 352
95 306
243 766
241 148
676 340
66 454
666 139
711 97
54 520
571 996
883 681
48 949
189 142
111 507
192 213
242 797
517 620
487 579
320 320
423 679
66 611
950 7
14 229
472 917
851 772
696 797
735 926
231 853
585 50
54 988
235 423
425 152
556 468
408 967
46 989
434 595
632 843
829 887
945 808
274 538
118 290
967 525
411 574
290 144
776 503
153 929
447 275
690 465
955 3
633 632
780 554
485 276
33 562
575 923
69 953
43 126
202 177
28 555
927 603
45 45
513 16
839 968
997 444
50 587
569 37
680 298
315 789
572 269
222 328
609 665
544 42
418 231
911 727
705 133
702 422
614 744
490 98
363 523
33 580
783 425
338 631
729 217
759 70
263 588
611 188
32 602
891 88
516 82
368 193
357 566
399 735
875 603
562 725
864 106
502 193
642 979
237 476
600 773
408 148
930 314
256 436
895 248
234 49
12 718
381 413
143 313
494 781
771 404
534 173
803 986
170 469
410 973
184 72
371 777
855 904
919 704
501 596
926 128
854 679
44 301
608 920
310 444
579 863
677 713
79 483
368 261
153 582
630 91
900 659
536 127
347 174
760 161
62 405
109 223
428 110
613 634
284 437
627 356
527 558
303 448
372 41
467 148
898 168
127 204
549 880
74 549
30 370
452 52
424 957
867 849
465 391
127 988
704 332
357 125
248 256
473 716
291 401
134 139
869 192
863 435
32 759
363 995
307 435
78 744
334 565
983 728
612 718
988 472
338 773
159 517
806 51
205 461
926 392
105 191
504 555
52 379
114 840
305 751
656 260
885 240
354 621
97 815
54 466
72 348
789 793
456 520
498 628
187 803
533 966
263 799
515 460
848 68
339 157
73 926
815 911
767 616
294 670
197 578
949 966
441 583
148 252
694 167
458 727
168 59
199 960
72 521
586 680
802 183
42 858
872 544
883 599
552 679
737 285
611 213
992 475
299 570
830 156
518 858
481 421
549 796
781 380
214 467
599 874
229 724
243 331
930 565
589 250
190 744
560 812
607 801
522 189
406 372
676 981
726 777
617 472
60 992
581 763
797 968
610 191
714 381
512 627
156 16
458 537
592 120
983 41
940 96
693 232
836 503
385 697
601 209
321 577
76 765
517 326
182 241
312 945
878 419
935 730
991 554
903 285
880 812
677 520
217 513
66 838
834 649
986 463
920 822
314 793
540 752
492 131
645 626
582 923
183 969
491 218
408 510
238 325
402 20
572 816
919 224
13 394
112 947
940 338
14 326
113 300
988 549
817 719
94 866
908 665
714 843
591 610
739 224
891 843
969 306
218 548
109 347
695 394
203 98
83 940
824 970
861 787
510 394
243 855
343 331
84 770
709 987
624 803
575 14
648 170
785 69
79 769
226 90
550 383
543 58
533 821
505 819
313 515
232 959
349 615
668 646
347 867
975 597
330 51
598 216
691 910
268 52
291 454
112 970
437 957
991 568
36 410
645 865
952 532
695 882
673 453
176 617
476 560
46 400
929 275
588 664
287 593
983 97
827 959
169 172
719 18
989 453
23 636
281 758
519 515
28 365
202 553
589 153
676 364
860 926
530 985
948 50
979 273
526 611
16 603
422 802
843 377
516 138
963 16
663 369
341 151
225 437
459 412
399 102
659 244
747 980
454 920
625 436
982 509
677 769
752 142
221 591
699 719
542 345
679 324
928 446
207 190
507 808
679 289
320 688
39 853
396 775
185 776
851 406
317 48
736 607
745 86
337 370
539 823
470 987
204 947
186 796
128 606
566 503
55 580
861 811
268 431
385 613
308 434
603 874
870 207
659 53
856 726
765 165
823 968
508 52
109 372
35 665
540 42
148 933
143 760
776 64
37 417
711 939
388 973
416 558
222 595
130 44
366 124
876 539
30 410
961 941
390 81
931 107
465 269
770 746
68 967
312 127
384 796
879 799
438 953
821 609
943 928
602 661
811 608
302 579
195 480
647 573
418 598
258 500
888 963
682 739
63 906
288 81
237 530
406 676
129 110
228 260
232 785
367 280
37 681
705 957
937 834
622 181
189 791
951 486
983 895
25 235
769 719
459 405
9 933
662 217
963 8
394 824
560 157
537 166
312 320
931 429
251 680
273 970
434 447
114 33
657 971
936 949
752 250
594 730
815 274
484 906
760 489
513 597
178 51
792 528
62 811
111 930
505 743
278 936
724 995
207 865
952 453
499 663
724 350
573 9
938 168
81 969
987 387
985 229
534 486
908 826
146 372
66 236
447 35
132 575
403 180
9 627
927 667
905 62
310 593
781 144
662 816
687 255
328 315
411 991
46 656
523 881
546 3
890 585
325 890
801 245
531 495
620 433
731 362
654 77
984 51
204 848
690 944
288 192
53 488
788 277
61 391
693 425
932 568
849 640
297 463
643 58
937 127
396 36
930 122
279 969
243 487
663 514
397 848
364 860
704 884
373 662
53 418
887 432
994 797
810 393
729 727
424 255
715 912
641 437
15 736
496 988
621 61
76 532
921 775
231 732
463 854
218 560
547 417
632 660
326 925
796 796
134 29
197 981
48 215
170 940
275 20
563 413
318 542
690 178
166 503
879 16
614 975
918 229
704 446
662 946
281 167
689 560
383 542
954 811
825 205
463 925
616 490
682 967
263 407
471 149
397 474
514 210
623 753
648 291
974 819
261 927
54 993
582 709
529 755
679 224
2 654
441 138
156 131
748 576
977 863
289 760
909 624
464 275
309 978
983 616
510 596
428 182
778 932
424 295
16 458
629 500
829 472
743 34
732 187
245 683
768 904
781 924
579 290
660 146
767 488
726 57
234 430
430 795
215 644
529 154
94 151
65 714
902 100
293 498
865 442
666 649
293 168
817 288
533 557
867 575
791 596
996 673
855 14
172 244
204 262
727 759
387 16
172 512
454 369
675 409
122 56
788 599
97 897
283 476
746 417
301 671
448 890
189 102
822 243
44 51
842 476
547 997
129 210
482 109
991 871
825 2
966 363
706 906
556 700
88 825
289 366
912 447
934 806
134 431
870 805
683 587
900 355
433 649
813 126
168 128
164 728
173 995
59 439
786 211
846 898
885 541
907 128
647 263
384 476
12 278
647 406
803 170
56 790
416 473
808 286
496 718
879 152
935 841
980 17
883 381
403 60
339 290
531 82
125 510
758 717
302 138
839 835
690 827
983 919
401 794
354 525
820 906
960 678
426 676
498 54
94 578
385 348
181 779
85 310
452 121
774 524
800 72
263 830
12 573
321 221
592 848
382 185
469 217
534 865
677 442
261 520
831 447
661 799
903 593
380 374
724 554
454 531
725 168
21 868
30 741
243 371
532 595
520 122
875 899
249 718
662 492
10 778
626 574
623 721
245 525
860 909
355 531
136 404
511 343
913 267
746 751
383 923
129 811
902 2
371 516
199 80
430 591
203 424
443 321
927 646
506 927
804 305
491 948
553 462
965 133
138 921
172 464
550 915
564 247
254 832
676 774
146 666
346 726
201 722
30 706
737 104
859 895
146 365
476 52
894 84
173 789
175 736
781 386
409 735
239 96
493 637
483 735
26 174
53 43
281 606
345 481
218 255
500 705
650 277
288 316
366 253
126 191
360 386
816 206
276 144
667 864
555 345
791 547
997 4
701 556
897 572
134 289
635 102
778 130
800 385
971 676
889 465
756 891
80 242
379 737
111 76
485 59
289 352
104 133
351 144
71 43
72 566
116 430
835 319
816 994
897 879
882 956
465 477
236 327
83 96
108 31
932 826
724 75
173 653
442 737
860 696
302 123
882 503
166 541
13 448
593 860
804 280
639 878
350 170
251 765
293 611
616 639
999 595
359 121
84 933
213 462
166 272
93 126
30 74
550 386
567 1
953 939
117 881
698 693
915 182
452 479
464 740
222 687
208 328
159 495
891 858
88 784
62 851
922 654
269 642
819 942
355 91
395 584
479 888
417 9
396 366
77 147
789 885
756 917
827 121
891 986
782 499
184 913
404 608
664 885
150 917
70 545
140 200
450 801
264 347
161 541
10 511
152 63
467 385
543 986
841 782
294 207
536 342
550 490
667 689
825 884
311 823
39 694
965 143
118 355
719 950
802 877
722 798
154 628
399 209
270 611
996 664
598 249
776 991
575 698
188 69
727 800
267 816
63 868
544 493
151 868
442 232
421 189
546 425
113 523
71 448
372 571
602 211
377 542
279 18
110 544
663 822
717 963
629 611
656 630
960 217
576 100
212 459
534 335
696 912
503 256
75 285
884 915
480 667
641 547
835 716
669 979
168 100
820 257
280 524
655 2
553 788
138 194
706 697
479 441
510 508
197 600
80 726
215 340
629 694
288 975
857 678
85 400
442 914
477 917
622 322
357 850
625 814
828 11
235 411
401 285
499 346
261 628
903 580
672 181
899 749
914 779
505 973
159 994
449 455
729 434
161 536
69 890
122 504
5 249
677 371
75 673
468 709
85 88
800 50
214 568
311 353
359 27
23 207
302 844
800 190
430 946
387 515
734 108
767 81
816 18
732 231
990 262
5 749
913 503
971 881
513 837
311 625
391 947
443 943
66 497
683 376
789 875
684 924
314 296
52 79
877 772
523 88
596 402
424 492
701 309
794 995
688 737
388 862
468 681
381 265
626 295
870 772
806 76
244 706
853 259
686 334
126 512
702 543
449 384
987 332
810 473
594 306
676 45
252 469
807 124
208 322
446 562
576 86
436 554
713 451
811 819
181 977
387 437
586 693
992 723
601 532
926 400
23 763
89 977
639 193
704 806
9 343
208 856
318 711
789 846
433 101
723 593
984 170
127 71
929 919
204 285
155 79
707 748
337 90
968 300
461 836
533 797
240 611
573 527
467 269
313 162
450 238
872 764
784 317
33 816
566 43
952 74
930 477
409 639
322 170
483 669
280 888
442 138
329 196
545 256
167 586
565 778
365 781
435 482
170 378
915 232
792 430
727 335
881 340
63 436
87 473
221 751
11 966
758 917
715 587
498 582
751 959
555 890
160 679
221 964
229 800
648 317
143 579
295 889
487 81
916 554
632 992
613 344
377 590
185 775
538 202
44 9
395 505
116 905
728 813
613 94
342 139
741 163
525 991
613 366
788 185
155 652
932 175
903 205
728 547
692 293
927 707
924 549
691 115
130 210
552 213
755 923
694 735
38 506
541 397
853 179
940 180
33 278
579 44
844 323
226 455
566 267
245 628
125 766
210 531
775 937
309 819
437 670
560 97
180 85
527 632
954 584
972 805
47 690
362 791
703 403
646 106
529 346
671 925
381 234
590 771
376 942
443 52
822 525
400 332
900 616
279 979
950 221
347 677
587 218
903 729
469 968
3 843
475 419
296 607
901 547
692 941
345 42
449 36
324 468
303 500
443 191
119 461
694 93
211 698
256 994
127 235
792 272
694 365
954 664
372 203
186 320
805 442
597 969
238 179
31 987
760 545
648 250
708 190
795 772
226 685
381 830
127 790
523 356
437 463
338 231
9 241
389 621
754 466
999 345
638 127
95 301
121 841
121 346
462 87
548 578
966 822
754 206
503 452
366 433
479 564
563 505
311 92
237 387
47 867
534 30
492 726
274 779
450 877
744 835
685 923
615 887
570 873
386 126
731 862
54 262
838 324
914 617
873 526
741 542
171 928
758 639
463 594
61 979
799 348
23 477
639 231
366 82
675 496
280 766
556 914
40 364
550 590
614 772
985 961
35 380
460 827
82 957
277 75
741 304
267 462
465 380
52 198
666 89
755 935
934 801
187 429
686 954
855 240
106 153
316 649
810 845
683 8
903 177
335 888
935 27
303 965
747 331
891 950
705 574
526 945
763 174
215 436
552 261
75 428
841 56
563 911
840 913
739 731
617 441
947 455
211 440
450 829
122 136
224 888
492 598
961 1
485 286
565 432
912 925
520 534
90 496
921 355
494 105
281 155
567 479
802 812
236 52
842 370
508 540
468 530
730 558
157 301
482 129
379 953
649 311
655 526
346 732
968 902
490 51
379 55
937 570
564 42
760 90
2 57
262 645
316 644
861 795
347 725
147 763
76 529
890 833
824 152
624 547
885 722
483 501
866 590
28 599
230 168
843 545
439 663
301 208
654 37
508 651
655 624
569 845
923 985
805 48
876 870
436 456
159 445
838 907
609 621
504 718
15 558
200 440
49 166
682 110
163 813
626 60
108 556
543 871
435 509
419 327
499 18
814 6
750 132
774 103
777 127
797 191
984 79
280 450
817 618
28 856
735 560
715 605
605 990
840 328
405 329
617 560
422 219
77 228
10 401
354 571
427 190
810 235
111 535
211 75
415 176
836 852
407 873
388 868
738 36
791 331
342 240
410 226
224 260
253 954
756 348
888 117
390 911
533 268
153 663
743 994
108 434
396 589
1 843
214 744
419 405
902 940
180 330
697 355
607 292
512 92
530 659
907 936
342 514
91 545
781 371
646 736
731 60
365 123
436 199
617 194
773 20
232 525
358 478
151 371
64 694
45 528
156 436
773 804
902 914
954 66
239 53
822 408
289 951
196 575
109 7
75 389
266 653
410 927
411 553
617 883
14 524
694 468
409 919
884 568
39 549
19 540
660 899
630 227
837 705
317 851
628 667
525 91
951 522
777 568
944 165
64 463
657 918
363 457
705 593
793 561
252 662
326 124
676 685
271 638
515 847
69 305
310 450
685 800
67 584
289 747
230 998
346 996
428 197
196 392
501 239
984 29
871 944
559 67
977 86
136 113
811 36
810 944
198 449
251 846
352 583
198 115
434 814
542 387
246 164
580 771
728 169
175 432
672 852
204 101
446 390
15 1
17 796
780 24
995 217
772 444
971 838
321 569
864 68
154 246
945 60
790 171
50 57
219 46
874 330
456 219
518 551
364 576
725 800
526 738
936 39
69 994
819 768
914 937
317 326
782 701
31 608
955 644
238 160
451 99
339 914
730 105
687 689
478 327
187 390
43 31
768 636
278 566
194 76
630 476
526 198
978 859
636 152
103 507
409 638
197 292
661 754
18 722
129 68
309 554
801 851
202 822
754 514
328 239
909 103
599 53
622 894
114 792
125 253
633 904
123 997
314 901
371 244
828 616
767 757
780 690
665 402
979 44
213 512
62 914
296 758
55 725
688 225
169 901
241 497
210 658
686 660
741 772
963 776
767 839
907 175
489 712
150 456
699 618
76 443
866 110
788 466
936 105
425 720
781 68
501 236
203 529
747 643
756 10
957 541
507 776
642 948
713 358
778 258
663 685
558 715
23 284
324 90
419 759
418 124
819 925
304 783
140 184
935 715
866 734
186 89
970 140
338 677
404 106
282 350
900 73
100 574
925 460
505 967
546 180
722 527
370 815
262 845
369 677
854 150
155 42
368 388
849 324
126 943
322 471
814 216
271 892
634 582
544 316
577 276
753 735
702 97
209 695
37 482
274 963
639 575
738 379
80 785
91 195
22 397
849 344
434 734
576 902
206 123
518 795
455 116
19 752
335 417
162 492
702 473
724 973
635 713
507 453
174 763
762 506
404 515
86 430
655 886
876 318
198 580
766 130
629 589
576 561
505 637
211 79
672 220
303 981
475 353
899 470
600 908
670 756
422 631
453 362
807 653
994 394
630 318
592 674
486 509
303 570
756 411
262 769
632 504
190 878
491 151
462 572
334 401
213 869
117 137
377 30
977 933
908 701
205 48
172 366
528 205
65 120
398 8
15 264
778 138
366 117
935 518
107 410
815 667
845 641
411 826
232 546
403 472
268 255
640 810
793 984
746 700
708 609
451 13
125 679
456 436
20 156
576 543
123 322
8 123
630 324
770 242
611 114
726 171
196 948
560 261
808 82
324 36
895 171
584 558
296 993
189 365
93 953
337 585
313 763
954 708
640 472
149 92
198 152
355 271
605 787
656 795
876 178
17 970
780 225
532 380
330 986
534 883
375 36
675 68
925 12
378 513
978 710
494 756
475 383
743 543
690 13
708 528
814 846
749 737
622 851
30 715
305 728
565 409
396 969
65 621
933 424
584 573
716 213
751 874
697 891
825 607
81 345
339 950
628 755
670 875
648 144
199 997
959 41
101 695
441 911
933 692
678 222
251 500
508 628
297 685
353 6
387 396
761 351
523 186
106 361
764 73
979 83
249 234
455 340
756 257
844 62
962 131
99 877
306 266
588 52
373 98
956 184
984 718
286 698
488 658
162 983
811 104
951 208
177 422
204 76
342 917
71 694
666 639
45 225
275 71
510 489
577 724
35 752
392 838
713 817
629 118
371 400
535 932
193 753
202 894
88 918
741 482
809 625
659 958
904 903
594 351
250 501
8 638
393 484
355 376
749 430
970 650
84 884
39 518
724 221
955 161
364 846
971 596
811 244
882 745
202 393
713 677
51 151
988 31
6 187
505 514
964 718
462 425
66 463
620 93
551 251
819 258
146 360
628 762
812 506
178 910
926 714
11 485
930 763
129 847
820 919
918 92
606 657
303 807
976 552
915 809
883 511
264 776
817 141
819 641
488 642
916 978
506 984
733 515
733 69
484 134
495 486
181 347
793 785
135 947
357 908
674 426
57 8
513 317
169 424
398 880
593 89
892 77
89 26
939 5
231 706
319 430
123 797
132 137
118 245
569 339
410 735
524 525
571 560
516 416
12 466
811 495
259 867
832 601
782 848
158 573
913 571
553 254
149 776
3 268
122 547
771 24
718 881
502 146
444 553
170 720
14 959
804 134
466 317
452 178
676 761
137 135
304 681
993 340
597 292
353 883
281 522
589 646
234 617
657 606
771 727
455 991
308 318
551 457
917 948
681 411
767 350
367 172
522 95
730 231
997 869
437 241
834 436
128 831
564 841
229 991
275 523
141 141
523 183
815 837
355 614
414 506
340 951
507 195
610 371
703 950
600 39
644 546
19 509
173 140
16 906
176 633
372 21
590 842
160 24
765 191
744 976
321 285
519 915
565 692
431 887
37 283
521 889
207 258
972 332
428 495
31 689
689 62
342 94
547 192
936 888
568 912
763 718
30 199
425 736
283 232
630 329
623 685
952 654
720 615
494 257
139 603
46 236
727 505
922 193
584 459
375 204
479 500
42 61
892 590
747 391
212 68
282 330
121 150
616 682
177 637
847 488
744 426
569 772
586 833
245 999
991 267
788 801
304 888
180 216
305 472
819 884
560 149
365 102
905 312
490 131
607 652
924 71
609 304
132 478
837 143
913 319
896 792
740 120
765 464
821 104
212 147
219 149
157 264
26 2
893 719
905 677
521 346
5 201
414 916
626 445
927 924
299 547
44 448
926 755
20 47
547 99
345 639
167 732
847 96
371 920
116 615
320 68
860 591
47 468
893 961
448 754
112 536
392 187
974 939
519 92
534 344
614 634
293 975
525 713
909 755
689 980
88 672
250 516
177 179
31 51
943 49
235 565
995 400
316 565
506 123
506 619
144 372
929 481
703 778
303 993
57 64
811 551
938 637
941 506
73 459
513 530
805 140
719 709
660 126
201 231
913 445
832 730
492 247
191 646
589 948
346 784
461 907
183 461
652 759
709 453
265 117
867 236
177 380
43 772
668 267
975 93
949 55
856 21
186 214
566 467
164 168
385 429
8 719
25 243
8 719
727 796
669 415
740 946
441 830
862 800
7 601
141 734
127 56
738 428
203 825
14 69
151 757
259 546
313 810
614 424
45 354
190 989
547 766
564 116
771 629
928 923
360 883
891 80
383 937
357 898
569 335
229 355
221 705
799 293
208 600
796 389
276 244
741 965
754 596
809 526
125 296
957 588
103 31
766 940
318 192
195 873
709 156
295 343
302 428
102 896
732 848
211 173
931 635
120 716
729 737
158 763
492 29
591 588
889 317
833 964
490 790
502 225
693 211
370 712
619 435
10 272
588 745
117 735
645 678
147 898
352 773
336 3
603 848
117 509
173 719
586 896
764 391
465 570
447 322
768 312
305 874
29 595
930 215
844 969
65 516
968 861
856 84
41 930
251 122
262 432
87 444
735 312
391 682
969 392
257 954
612 381
916 825
531 519
183 223
117 559
255 990
153 197
234 456
186 545
937 442
112 389
216 553
386 317
765 710
767 272
388 872
563 830
662 919
91 128
708 873
353 975
429 571
560 263
257 843
460 744
888 224
769 847
432 864
222 943
104 270
354 382
699 412
349 868
434 344
780 921
462 489
715 144
901 510
845 502
583 414
546 910
364 52
23 404
165 428
246 757
955 655
700 605
973 503
590 80
621 669
649 440
659 339
733 716
833 827
773 582
909 17
458 323
142 960
161 477
342 18
332 775
319 982
146 516
386 204
364 94
493 388
620 565
506 702
772 266
100 969
156 441
138 464
576 25
103 473
709 91
817 994
634 732
322 199
517 472
477 893
763 977
904 741
106 941
385 250
892 120
407 6
914 698
166 170
407 661
986 374
191 22
529 166
173 541
261 873
375 746
642 576
836 992
229 922
358 838
834 518
864 579
913 927
696 113
276 423
11 541
331 228
520 866
374 784
246 238
517 556
390 29
763 350
522 365
798 620
792 307
193 271
927 974
93 77
640 274
785 430
607 957
122 590
580 901
895 493
858 731
725 191
5 328
932 829
676 468
155 421
41 855
353 169
107 278
594 642
886 233
154 955
257 901
770 185
308 151
867 305
802 674
551 311
747 769
67 329
689 438
34 405
848 71
558 108
680 556
929 716
830 324
341 85
404 452
671 331
408 904
659 603
747 842
824 633
656 638
728 428
775 769
239 401
922 634
724 341
990 441
266 557
386 940
946 845
22 592
488 8
561 546
558 128
614 442
199 136
189 701
548 214
826 762
615 707
646 937
494 490
683 116
10 779
254 816
180 151
450 261
101 744
86 931
616 184
132 305
397 281
959 337
597 917
222 716
781 952
482 728
662 70
878 183
915 647
936 547
260 20
427 405
406 103
547 953
311 359
803 392
633 282
884 453
247 936
451 96
14 293
386 404
131 437
548 328
398 482
151 189
713 506
974 340
549 309
680 52
706 115
267 328
368 971
950 596
845 647
867 154
470 184
100 543
122 587
196 748
172 464
372 404
186 975
296 783
317 809
4 465
922 366
834 50
368 441
262 703
86 694
152 253
178 357
283 61
99 102
532 765
643 144
830 745
557 225
568 520
851 511
609 888
955 92
826 823
864 406
633 277
568 58
918 985
896 311
400 486
522 102
954 973
362 631
29 734
876 806
384 339
697 508
788 509
485 964
38 142
822 871
179 529
562 787
778 802
493 656
742 864
591 53
552 761
417 779
576 528
793 128
841 710
123 257
142 980
480 635
94 826
559 86
588 928
23 238
691 708
380 116
397 677
279 116
578 282
841 409
453 211
655 768
137 686
23 332
910 496
700 747
786 837
219 691
24 425
190 652
164 366
18 418
717 454
704 652
90 964
781 488
5 493
496 271
549 647
575 404
349 915
441 854
65 698
917 145
319 933
131 144
410 375
269 170
351 557
413 916
627 402
915 771
676 850
589 474
933 963
585 891
681 109
82 600
255 75
157 296
543 557
565 148
845 485
679 961
450 110
51 298
925 836
102 227
114 269
631 605
748 79
77 275
226 543
846 693
267 414
568 225
689 23
814 503
652 145
719 949
200 368
600 441
440 22
719 476
912 923
831 393
229 175
838 838
709 502
544 356
70 422
969 782
567 495
606 194
306 423
789 261
957 690
911 491
398 966
174 38
569 438
200 416
36 434
474 533
795 26
108 592
456 492
200 630
292 278
234 301
157 42
187 665
952 171
3 494
910 211
248 797
543 948
462 105
103 440
184 411
266 891
835 570
190 951
710 383
625 121
309 370
82 333
256 152
729 432
660 215
266 822
230 768
246 488
869 881
675 589
861 207
575 890
504 310
987 898
890 851
199 277
910 33
657 830
618 207
930 56
861 354
310 898
827 286
498 580
999 71
767 201
173 95
991 555
580 795
169 557
651 81
881 564
750 221
270 350
242 222
838 153
255 517
79 276
774 883
886 420
729 617
582 894
821 597
813 904
434 598
14 881
171 684
67 810
213 609
964 870
652 898
664 226
365 206
36 108
942 922
492 765
855 8
180 463
992 573
189 714
74 852
679 375
822 857
367 930
540 136
808 272
578 473
535 704
570 403
257 46
977 56
126 74
275 232
687 843
431 535
586 272
459 943
155 605
440 812
25 265
168 749
805 500
394 251
996 183
240 778
955 203
856 750
866 148
523 140
690 61
854 230
940 590
465 933
789 898
629 494
242 298
241 173
385 542
535 617
978 561
646 723
261 568
933 825
696 637
238 443
284 181
21 839
779 145
792 944
552 160
9 866
415 83
282 295
481 71
583 416
74 25
878 605
838 774
822 840
384 289
236 544
999 126
771 732
9 677
525 548
292 609
586 577
538 606
932 281
527 299
29 783
435 322
653 64
739 364
666 930
913 623
469 487
269 394
427 49
172 716
258 810
939 123
110 839
248 956
499 503
320 47
270 131
84 149
703 45
53 173
733 579
567 288
505 573
837 214
514 283
321 907
625 849
856 735
301 846
580 944
56 318
116 228
601 419
381 281
628 239
294 435
953 132
543 595
215 469
5 618
855 202
446 941
253 168
708 345
941 636
131 354
771 598
132 399
6 335
920 54
65 566
3 551
966 614
411 624
472 58
318 886
298 388
888 568
955 932
154 432
477 365
976 574
528 803
588 588
434 97
429 186
272 572
831 478
968 656
25 824
589 293
245 441
279 542
250 192
296 762
410 471
628 396
730 347
872 888
930 660
263 508
201 333
242 565
802 798
645 424
534 122
755 303
836 741
850 846
943 692
596 927
357 19
758 660
994 856
893 959
529 634
321 781
117 469
616 680
464 710
351 52
602 764
315 377
529 72
331 916
211 814
927 200
945 682
902 708
131 308
33 955
140 348
801 927
700 54
981 982
903 664
945 574
703 22
155 837
651 630
570 40
769 190
716 380
741 987
305 131
882 680
531 285
317 928
486 871
612 853
612 977
592 274
204 826
211 224
361 852
463 98
793 870
939 981
31 293
464 981
940 488
390 163
473 324
993 502
54 150
144 461
615 226
909 706
26 997
676 336
792 238
118 199
46 704
749 729
724 681
24 845
294 600
150 53
346 856
724 695
912 573
644 387
548 286
234 233
616 10
385 395
885 770
740 92
440 283
885 322
808 828
846 680
842 743
223 912
321 308
962 248
427 539
582 969
859 100
865 258
404 793
657 937
528 538
558 2
403 622
93 281
261 514
467 821
762 699
881 19
974 535
271 52
432 419
768 514
350 851
296 799
426 288
748 377
174 428
40 430
250 531
592 432
352 761
770 185
182 827
213 774
536 47
195 615
312 992
401 343
632 663
566 660
764 261
71 2
724 12
65 15
635 320
282 385
741 532
582 887
156 794
644 30
620 887
771 95
185 964
718 104
213 271
11 291
953 576
551 627
959 433
156 592
719 39
339 930
961 48
503 34
807 381
763 310
475 587
50 941
438 164
550 600
852 26
51 943
804 522
218 381
514 281
676 369
763 963
583 673
470 577
854 807
556 939
938 948
642 419
894 85
579 159
356 353
825 664
828 55
637 424
1 285
493 331
309 896
677 4
549 741
953 767
232 44
775 152
707 983
550 162
553 69
519 847
678 58
271 119
55 487
831 544
423 148
468 108
503 476
4 565
528 280
362 841
263 398
786 791
677 914
820 300
349 124
501 137
651 361
173 411
372 862
241 461
959 48
924 619
541 757
515 409
418 159
323 119
66 273
289 299
619 623
521 599
792 984
504 469
668 150
131 520
46 715
364 704
269 941
374 999
163 76
178 9
424 678
988 168
938 681
806 364
56 445
163 976
73 473
823 630
531 648
702 968
71 697
924 226
434 769
945 675
124 14
103 130
844 445
657 125
583 535
705 170
476 393
89 989
516 438
294 854
38 649
941 506
219 540
561 846
937 272
75 554
186 98
803 804
715 361
560 265
565 251
827 800
925 517
844 437
265 603
379 69
509 846
842 879
102 867
481 914
44 857
2 898
529 705
448 18
370 669
681 74
715 795
135 426
842 915
487 800
934 2
669 248
531 859
833 644
663 318
314 169
810 278
685 414
528 582
99 817
991 317
671 899
126 488
888 910
15 637
676 426
800 755
837 141
53 888
565 368
340 316
495 104
869 817
769 783
18 323
299 662
516 948
103 238
539 998
53 65
836 303
829 604
976 936
210 600
129 629
522 200
832 555
518 446
930 98
679 744
586 300
19 384
563 190
475 770
931 612
84 285
359 489
662 824
675 999
360 778
730 951
43 48
931 401
845 957
990 389
634 885
66 96
746 703
163 996
423 383
957 252
396 917
473 50
780 272
721 904
443 721
59 344
814 129
909 598
361 470
948 6
183 231
381 16
167 949
13 367
113 787
727 647
427 876
509 636
789 582
450 629
555 132
94 40
292 750
681 859
180 14
472 623
898 898
3 950
406 267
165 550
967 758
719 634
101 888
750 211
427 427
719 225
117 309
291 423
657 124
86 433
992 797
675 898
329 537
379 734
946 899
879 177
558 345
152 616
462 441
527 940
669 243
159 985
141 515
4 163
78 965
390 269
628 780
303 977
688 495
970 330
992 907
251 475
775 560
466 105
122 194
768 494
11 355
568 708
207 53
212 803
737 452
684 377
955 782
247 416
72 927
659 380
843 17
762 640
679 666
585 901
699 696
93 856
31 47
157 713
67 383
864 878
767 805
62 567
401 324
561 747
832 752
957 131
696 531
635 794
577 209
698 782
812 225
997 833
313 886
809 637
906 303
20 545
581 877
784 477
941 747
468 669
72 484
439 982
917 886
373 310
195 611
165 494
551 312
210 754
54 64
967 747
539 925
506 683
758 664
425 126
128 580
972 969
274 625
461 940
860 421
573 370
685 91
392 199
949 749
517 808
407 528
473 556
215 732
328 230
658 834
965 279
420 534
829 645
742 183
740 74
566 693
961 83
845 298
519 656
662 288
759 286
467 480
281 352
6 490
102 808
962 638
840 46
355 953
549 427
619 328
462 850
103 357
787 646
324 938
914 347
414 370
366 176
555 238
773 651
770 129
181 118
181 701
712 619
702 507
667 536
306 396
856 365
906 991
431 551
888 700
935 923
343 37
952 198
536 584
39 1
594 687
543 802
434 59
485 212
825 534
816 436
887 461
275 171
694 289
894 888
288 828
892 55
196 180
918 952
369 556
977 849
801 318
949 901
946 959
58 432
517 443
680 392
854 277
993 873
199 918
239 107
707 843
463 194
280 420
703 923
510 69
178 856
505 999
232 329
713 184
884 868
75 274
166 856
713 784
501 594
287 947
635 243
234 665
124 597
932 51
16 5
456 977
410 821
976 798
315 10
633 36
599 687
165 970
419 901
990 62
939 751
320 865
601 781
662 143
783 777
743 231
89 950
375 532
135 874
156 274
809 378
777 706
810 478
517 940
903 352
633 823
308 881
6 452
139 957
143 170
402 126
692 276
167 244
567 572
1 121
960 260
131 335
153 593
134 546
696 318
916 653
192 341
206 348
67 21
418 650
890 18
487 373
125 560
181 700
703 481
786 698
427 576
20 231
888 247
263 378
863 851
972 513
949 34
216 135
63 172
114 943
671 779
638 879
6 715
608 720
399 124
871 928
724 74
746 267
836 269
447 853
106 846
949 698
586 34
842 800
845 571
851 609
666 993
583 807
528 476
288 790
293 733
178 390
807 545
100 687
943 921
855 608
435 174
97 722
588 625
132 320
114 239
4 584
197 12
755 32
577 771
658 379
473 324
726 784
793 944
189 836
321 851
658 389
790 237
364 705
666 939
448 580
951 24
884 364
476 730
117 349
637 183
190 583
113 704
35 81
228 621
961 151
863 259
98 670
339 502
535 396
715 899
677 970
409 37
719 439
822 894
62 598
745 367
557 735
713 940
809 499
9 946
535 582
919 243
470 553
654 916
188 780
572 335
720 382
861 644
905 367
875 173
475 610
327 12
991 223
301 233
924 903
652 381
450 125
360 790
496 44
94 288
100 623
811 889
796 428
955 709
651 285
918 620
10 873
857 684
593 282
967 997
725 113
9 305
829 258
745 954
93 518
324 141
872 314
851 432
944 32
790 893
520 46
235 483
891 505
559 994
918 250
832 370
952 557
633 245
609 271
230 77
976 583
811 119
116 524
676 92
206 864
373 676
641 802
698 553
619 205
811 790
975 464
566 135
391 605
244 777
344 194
692 836
953 35
987 785
207 246
161 785
724 619
153 808
697 478
658 65
150 689
631 120
608 70
415 345
358 727
792 551
977 476
727 269
162 813
939 733
106 51
881 836
489 62
530 194
615 233
556 928
245 97
257 78
330 576
821 280
296 187
102 854
597 634
204 357
16 796
121 488
449 461
877 89
249 683
745 142
589 985
681 85
873 696
102 998
228 284
566 357
963 889
110 429
770 426
273 523
233 856
371 715
794 732
726 304
491 794
980 395
726 264
781 645
630 499
144 748
442 485
527 536
619 591
822 404
590 934
178 366
836 630
750 993
794 63
937 771
886 435
147 287
193 531
911 874
803 173
565 142
867 575
358 251
371 386
672 214
84 958
556 899
579 621
260 443
481 546
879 353
771 423
835 89
73 922
667 275
394 623
972 336
952 776
205 892
504 371
927 65
546 580
535 891
592 641
144 56
359 902
653 537
211 413
489 8
107 44
647 496
486 494
71 77
551 514
68 486
958 658
303 23
691 773
168 669
164 524
216 868
473 709
312 790
213 861
979 559
925 964
457 144
420 37
370 182
542 832
980 338
266 126
885 429
25 815
386 270
242 576
465 100
477 70
418 78
684 906
656 194
219 329
237 859
167 219
134 792
135 647
873 196
433 735
829 568
635 709
353 679
373 274
957 607
676 636
238 851
236 131
940 722
716 34
99 327
9 787
461 888
109 72
984 752
442 535
674 214
144 392
334 239
98 945
665 306
216 59
978 925
448 820
976 351
133 746
712 485
616 760
111 312
22 786
853 37
503 542
161 971
739 144
69 876
839 492
438 350
104 535
273 867
729 357
198 925
427 57
708 963
866 306
180 185
812 334
367 495
29 127
500 628
221 774
393 467
657 521
900 135
444 222
663 409
444 34
550 447
886 158
751 243
941 571
4 83
85 619
781 647
363 503
657 895
278 298
968 329
348 445
776 864
56 73
613 645
741 7
78 837
552 957
539 728
818 313
938 290
592 547
247 266
649 143
145 988
330 975
902 120
777 200
354 117
172 200
375 364
183 188
329 16
369 928
301 189
948 794
965 458
622 77
286 134
17 965
135 319
937 195
261 929
490 332
337 985
998 575
464 884
916 544
60 482
395 340
43 271
32 211
2 531
158 15
480 700
707 362
708 449
817 718
749 560
487 305
33 605
858 941
171 764
177 501
399 589
88 126
223 164
174 866
545 839
390 968
4 307
955 902
542 254
422 418
924 664
295 982
495 267
623 41
38 475
660 769
892 561
721 499
660 844
579 115
981 756
293 456
163 898
645 209
401 323
136 433
14 881
4 246
452 565
776 20
41 804
634 342
758 788
499 771
164 185
330 653
71 92
141 746
206 90
699 294
33 396
23 76
578 386
756 659
32 448
549 419
848 988
206 490
800 741
148 922
100 417
88 223
587 604
812 99
615 633
889 595
89 447
849 868
371 482
102 86
894 224
992 705
965 132
828 779
53 192
777 218
378 886
150 96
599 121
168 483
154 129
521 179
862 279
833 304
139 821
309 596
540 889
785 788
719 790
659 528
300 226
334 469
992 259
643 76
863 717
431 457
111 947
565 680
858 239
633 652
526 716
220 450
562 547
568 36
517 173
548 261
374 654
756 432
554 86
643 45
270 575
519 489
611 598
239 963
117 869
126 871
960 785
950 746
427 429
819 914
905 526
415 259
160 781
932 726
71 908
935 938
373 227
722 306
245 883
74 503
915 678
429 190
948 485
229 829
22 846
329 675
535 947
83 451
164 756
533 983
711 561
148 48
208 216
584 25
123 587
844 807
498 430
420 139
617 395
565 470
22 88
359 587
672 831
53 252
792 82
234 177
697 703
283 686
9 536
626 809
177 649
424 582
69 263
708 854
905 294
371 636
436 925
244 912
849 406
97 300
229 791
91 609
821 143
143 811
105 660
101 617
994 649
325 22
782 517
637 69
616 955
459 208
961 562
99 95
118 628
977 355
450 930
424 875
429 970
594 109
241 296
551 342
26 927
99 642
559 805
266 499
335 509
184 500
728 473
589 751
777 500
963 282
824 927
396 502
262 454
172 483
374 940
878 957
464 378
634 622
280 222
298 156
916 873
831 726
904 393
331 472
680 620
65 992
807 818
810 578
6 997
250 616
689 133
372 345
890 157
309 932
310 778
455 145
211 139
161 324
562 972
207 755
539 442
404 964
364 608
328 320
757 8
336 285
508 857
103 499
227 987
432 12
341 53
217 664
584 320
797 561
450 584
945 150
171 600
543 774
924 491
421 335
985 375
366 608
104 178
863 374
130 598
852 348
31 765
451 839
402 701
112 698
998 478
624 262
566 810
888 474
931 132
814 322
467 440
159 427
143 409
81 83
692 544
679 695
828 138
552 36
790 341
504 434
69 999
829 241
492 474
132 996
165 81
199 772
818 495
520 683
536 724
498 840
29 578
912 455
146 765
740 126
98 191
414 125
588 422
472 864
188 376
263 259
199 971
446 198
401 292
523 987
752 675
215 32
135 562
31 437
170 53
322 983
274 580
691 492
59 31
604 159
113 233
652 805
79 224
309 875
969 330
457 860
950 324
305 271
1 760
158 111
833 119
373 307
855 617
616 453
91 400
886 68
372 542
402 207
536 518
376 656
978 649
662 4
820 180
172 181
281 440
566 232
983 800
962 131
471 350
856 663
337 685
755 404
204 675
468 159
910 865
100 993
506 995
602 792
41 46
531 629
545 553
691 825
522 376
245 933
480 733
490 141
941 613
897 723
620 166
479 505
412 845
978 825
988 541
886 98
728 376
341 866
327 114
384 549
998 774
362 537
875 899
472 424
375 654
279 528
86 428
629 86
544 842
213 984
95 966
826 105
21 928
746 951
498 806
397 378
128 159
827 94
214 78
535 352
861 696
795 673
674 70
938 879
165 717
155 279
806 840
717 466
402 799
655 422
84 289
615 966
22 920
888 863
95 562
409 863
84 372
754 283
703 376
157 182
919 938
789 685
143 449
552 357
936 315
797 345
105 599
458 375
710 188
253 22
238 246
3 410
645 444
695 925
31 626
437 699
478 338
413 823
900 151
411 615
341 832
879 397
544 644
131 240
774 43
938 734
739 344
458 240
608 228
301 302
479 20
104 151
801 312
776 953
149 54
675 432
620 67
253 386
307 625
667 931
187 206
687 577
689 934
515 362
930 994
838 346
314 955
419 396
667 288
806 226
606 286
278 679
878 482
48 593
376 695
577 8
97 331
205 314
848 962
737 64
671 272
297 19
364 871
287 844
20 258
943 348
265 727
586 808
843 677
993 1
878 85
215 95
168 426
954 660
999 582
214 498
375 852
628 695
991 256
198 452
109 314
361 622
727 79
135 773
879 487
734 392
375 215
383 918
471 455
35 660
900 942
953 946
464 636
630 854
200 275
920 702
834 540
885 330
13 629
308 548
248 797
210 120
740 855
589 116
984 778
749 71
767 813
644 309
387 648
19 301
267 251
578 453
952 284
921 204
254 521
836 888
883 582
509 384
780 801
46 29
944 753
10 847
283 395
126 725
864 806
631 429
100 825
666 943
120 2
129 263
665 63
619 931
457 71
786 558
876 514
518 183
607 286
204 321
501 30
957 172
115 338
670 185
886 577
217 711
980 14
624 77
819 451
918 97
129 511
830 718
584 95
467 144
358 574
728 191
425 304
981 46
789 344
641 970
909 676
949 195
239 288
719 485
818 300
533 915
416 246
957 11
597 628
994 958
880 891
994 679
591 404
266 558
485 609
548 721
603 137
723 57
518 982
653 226
978 327
836 644
780 456
619 842
337 890
367 194
264 832
198 999
477 996
518 17
763 326
931 924
286 194
248 909
303 772
36 389
322 643
273 199
862 605
45 835
644 114
17 573
71 544
461 179
25 334
466 799
290 549
143 54
217 837
248 861
973 302
266 400
417 71
40 361
316 747
304 436
747 274
947 315
100 79
718 20
250 728
760 811
675 489
868 794
7 872
330 664
515 176
282 871
207 631
402 893
867 945
758 529
565 592
894 828
355 189
436 593
544 534
893 853
293 566
717 912
404 595
731 114
241 186
397 365
96 600
909 362
313 214
538 233
243 833
745 416
64 690
866 413
13 284
772 129
531 996
675 627
426 399
468 404
447 450
619 444
278 886
89 828
437 741
58 754
439 126
517 292
916 333
829 486
122 461
259 330
694 176
885 75
474 984
797 429
165 168
5 408
232 453
471 631
983 234
580 310
182 500
148 891
213 94
201 77
895 246
910 225
321 209
529 69
862 691
816 440
763 197
997 401
598 162
797 737
467 111
684 980
753 555
710 136
136 786
777 44
473 157
491 568
314 853
799 307
48 499
967 383
308 499
126 631
507 927
386 673
80 161
989 670
864 204
240 358
589 488
970 865
843 547
618 894
613 738
471 702
92 694
500 6
626 314
186 931
48 940
682 5
204 25
630 448
831 411
405 311
430 943
900 864
444 508
285 893
688 936
919 138
375 586
354 380
536 936
205 922
96 487
158 786
147 290
987 372
713 50
130 332
129 226
879 592
822 962
927 683
531 445
779 681
23 230
785 544
194 952
480 162
894 507
684 430
627 991
494 727
323 448
492 155
123 923
593 157
882 555
846 371
268 835
937 692
681 380
203 112
866 599
992 866
355 846
254 91
433 467
873 299
748 766
29 873
28 391
626 433
948 266
643 172
271 906
869 419
558 731
190 193
146 654
745 762
704 24
895 109
379 598
555 64
583 113
213 25
485 217
875 997
856 702
215 855
576 164
338 102
338 569
935 465
258 188
172 807
370 168
423 540
986 435
196 617
390 255
37 768
78 774
598 577
705 203
156 334
67 187
979 572
235 578
201 564
103 193
958 82
820 284
36 440
143 268
899 991
18 803
954 250
215 11
439 144
885 417
113 934
311 332
124 21
879 194
500 675
319 723
918 347
429 628
86 999
940 457
35 545
539 94
417 815
466 562
942 581
331 233
223 169
86 500
257 484
442 150
916 130
883 851
74 392
162 656
35 720
369 801
295 276
806 318
643 33
765 959
130 674
293 651
782 737
355 658
106 184
313 455
781 764
208 922
243 975
894 806
774 643
660 295
759 877
390 18
699 15
466 681
561 467
100 502
332 936
693 209
530 83
957 943
190 410
92 394
136 680
372 300
295 398
96 181
797 422
263 76
706 819
802 408
521 288
325 967
294 147
287 653
687 83
907 860
783 664
592 727
88 860
965 975
519 125
263 863
421 312
753 663
277 889
669 622
200 841
171 402
163 624
91 90
719 249
218 425
995 27
513 999
377 871
373 971
104 337
612 749
559 399
616 653
270 377
34 694
481 703
250 426
888 991
743 920
446 317
369 124
639 909
754 974
9 157
240 30
179 648
420 981
993 212
342 469
998 845
33 238
701 598
472 730
409 813
971 258
83 677
974 138
7 997
265 545
764 790
934 967
401 339
431 359
267 235
954 107
356 930
844 814
950 484
387 270
933 11
184 269
918 112
532 566
392 973
143 873
54 196
603 738
690 502
299 540
123 662
866 978
344 628
911 690
482 421
42 626
416 681
605 952
264 177
614 860
588 851
511 260
134 51
293 647
723 368
930 954
547 751
402 120
188 751
395 740
757 881
944 270
43 729
46 54
773 402
882 651
439 377
818 622
651 725
987 570
281 767
780 520
637 261
246 738
640 719
251 970
927 574
378 555
978 828
731 459
711 384
889 97
711 666
943 253
452 509
341 80
73 798
906 841
940 738
493 694
968 808
541 161
570 13
196 489
440 641
3 415
21 499
256 523
928 424
258 238
415 669
960 279
973 978
50 147
855 579
228 260
660 559
99 368
518 882
287 643
711 115
363 656
992 780
216 695
650 779
480 736
927 596
253 105
951 135
665 169
925 937
391 336
685 493
48 551
682 236
805 180
247 542
76 39
34 132
727 724
473 865
665 416
734 22
653 710
621 647
155 130
407 506
311 278
469 981
394 399
114 3
421 471
626 373
411 961
704 708
920 132
291 784
412 36
135 417
657 80
722 122
557 97
983 772
259 626
433 518
269 107
386 562
802 182
955 333
88 796
283 845
44 576
268 546
270 344
559 702
972 840
255 934
498 799
100 983
377 408
208 580
117 341
543 316
888 676
481 436
58 804
432 35
724 684
947 617
642 33
897 914
618 288
876 363
461 374
102 108
518 268
983 812
696 443
765 2
250 807
796 118
465 360
239 825
672 778
404 189
758 896
369 461
994 910
157 112
898 779
482 567
820 340
878 579
180 978
925 368
917 7
60 500
801 629
78 648
580 386
202 191
650 953
13 949
687 620
420 196
239 700
640 109
272 361
206 75
554 283
961 259
733 147
749 888
748 999
573 64
284 812
604 884
680 142
164 157
433 997
58 753
36 787
444 68
559 308
273 316
803 354
777 511
684 947
732 664
849 913
650 420
71 27
731 759
868 90
885 912
960 344
209 556
594 668
536 680
198 392
978 958
449 71
640 514
119 265
616 837
812 405
258 570
680 858
909 946
346 807
30 626
214 463
56 10
869 987
624 29
302 279
846 869
284 405
224 74
553 665
628 74
543 948
386 144
749 571
121 320
40 832
422 721
60 954
80 733
989 503
577 298
311 844
780 181
963 241
37 593
560 897
579 874
680 882
520 787
932 225
151 733
240 287
268 107
794 147
701 516
95 774
862 294
376 933
8 621
79 338
844 717
140 741
458 386
73 589
347 308
867 372
808 677
675 29
885 736
138 675
290 852
878 363
493 363
648 579
892 235
649 489
46 464
574 673
283 113
696 530
700 762
603 101
406 471
608 254
583 91
940 673
858 736
378 458
849 401
312 124
71 268
607 235
155 648
809 619
908 124
744 365
837 236
704 969
740 881
517 234
453 88
906 217
455 335
400 214
798 667
472 209
225 20
894 950
589 167
804 137
778 341
778 263
615 903
609 93
748 561
491 27
670 702
349 654
946 63
125 111
716 463
364 52
601 856
790 918
491 708
806 903
477 7
246 315
118 667
445 864
590 280
106 313
812 86
204 749
276 464
847 15
133 747
877 194
400 556
522 940
285 144
12 885
377 765
406 838
287 464
127 363
183 484
269 558
481 652
218 432
760 880
637 196
382 372
343 171
519 951
106 755
926 151
608 227
750 727
292 49
185 336
442 453
180 774
260 652
599 864
302 657
286 153
528 428
850 425
860 270
730 179
925 305
603 130
720 21
439 663
874 964
410 868
461 370
538 495
821 798
591 79
93 384
170 310
431 917
335 882
900 650
45 820
533 406
839 622
924 637
877 441
613 887
852 259
309 15
132 278
826 786
561 394
388 920
446 699
663 748
807 108
795 697
420 622
714 428
698 353
799 79
989 214
829 63
338 808
606 505
932 479
554 979
464 313
698 530
116 179
748 862
943 462
780 733
20 985
401 285
993 372
171 386
979 727
218 453
292 590
99 706
718 781
799 35
183 444
12 852
778 255
843 614
324 326
592 557
83 876
913 263
82 202
353 831
103 974
792 162
554 507
863 126
817 101
390 766
389 544
893 361
267 735
328 425
892 211
943 706
466 223
88 18
132 869
877 752
134 883
997 567
695 504
924 344
760 606
549 117
840 264
618 431
527 161
723 991
212 67
480 202
495 555
495 933
495 957
980 227
115 449
434 411
455 192
704 467
308 850
812 319
498 78
379 284
330 987
965 702
474 39
183 976
245 688
135 70
551 956
987 511
167 979
259 719
742 581
904 59
154 876
292 309
472 676
411 322
13 109
106 773
860 915
347 272
578 900
133 486
14 81
584 346
605 846
483 746
508 263
281 662
424 30
935 452
171 303
344 835
784 285
657 620
804 40
705 384
421 797
819 181
475 597
871 655
677 91
872 510
532 200
3 553
686 66
711 459
900 299
737 211
997 719
938 712
466 858
390 391
328 878
955 182
330 206
840 299
298 976
927 524
279 280
393 247
42 903
727 776
591 148
688 191
838 359
688 5
936 992
360 58
439 146
859 12
71 434
243 69
435 877
735 753
219 645
964 156
228 305
391 537
108 880
620 487
723 301
84 412
862 630
237 171
528 283
229 832
391 481
426 734
304 249
822 169
214 934
914 933
594 690
924 643
503 359
54 779
354 512
914 981
750 794
792 498
432 214
107 57
190 501
798 214
795 767
49 433
478 430
988 661
192 74
65 871
688 380
281 717
284 183
431 722
123 441
986 476
38 485
765 110
231 657
824 271
18 509
648 545
538 972
300 341
5 191
887 983
413 63
266 582
541 739
304 705
862 101
916 729
834 829
881 327
125 785
517 885
635 915
979 280
551 775
833 461
496 349
953 304
665 892
799 125
922 677
837 684
478 198
328 196
56 265
139 717
911 524
243 302
95 761
321 975
393 497
667 974
429 759
179 411
84 798
67 225
385 754
9 549
505 789
268 260
890 250
250 326
78 505
287 26
337 651
572 221
137 898
436 783
507 393
475 19
458 73
391 726
183 672
731 890
26 505
297 17
358 356
795 245
912 19
551 594
912 293
263 734
687 392
687 130
770 684
760 347
200 415
111 234
909 752
724 469
531 240
759 574
242 926
886 95
914 740
383 413
374 918
901 948
92 570
579 564
444 916
274 419
378 813
722 149
160 274
116 273
282 405
808 517
316 195
272 515
78 881
263 395
94 565
307 834
763 411
832 902
186 873
432 917
164 96
345 1
647 888
820 597
38 694
726 361
631 143
787 498
515 630
536 232
56 275
911 338
379 23
410 2
194 409
367 460
339 879
26 34
489 493
471 223
887 734
260 276
420 845
193 549
698 406
878 518
497 359
987 426
893 113
884 506
276 274
761 626
723 739
609 828
681 989
245 526
998 194
511 432
929 758
305 191
602 93
427 469
123 914
882 137
71 660
386 749
231 893
417 928
703 259
451 778
976 271
402 690
366 749
314 295
783 115
2 847
617 41
564 211
732 226
140 791
797 374
839 951
749 166
110 341
660 459
293 88
398 684
58 48
16 967
338 185
134 323
574 874
344 166
820 250
802 482
624 387
65 576
603 234
75 701
749 247
80 385
322 324
45 604
329 579
36 574
361 219
804 4
829 425
833 479
80 12
825 297
497 505
729 406
626 36
490 864
390 568
586 66
520 442
788 578
452 574
258 703
554 651
731 126
303 693
204 231
323 314
249 650
223 199
654 920
109 19
824 706
250 492
694 90
539 565
19 843
804 266
732 808
614 724
325 783
290 243
388 283
420 29
589 897
899 637
220 824
396 964
124 468
950 749
538 630
47 743
101 409
703 730
295 734
187 498
526 656
354 367
730 892
947 217
835 281
163 536
826 134
657 221
668 18
791 334
902 316
110 158
904 496
589 756
506 841
887 61
537 887
819 564
590 776
347 613
737 93
902 91
301 560
872 871
148 905
327 950
818 778
450 639
961 782
42 575
887 678
343 975
810 799
72 475
651 978
35 921
973 112
958 49
333 496
115 506
922 134
653 672
930 102
839 545
453 179
645 69
370 444
388 101
589 10
165 282
856 697
493 372
831 292
186 765
702 102
143 683
163 635
920 695
89 20
912 63
104 638
450 996
597 902
396 312
397 315
990 111
596 655
911 976
614 971
705 901
349 718
598 820
456 182
755 617
568 140
300 967
824 786
872 220
442 561
490 713
9 563
313 318
357 166
887 667
384 874
926 178
190 96
288 795
690 851
291 393
449 151
969 532
613 89
837 321
933 128
618 646
351 190
809 255
634 436
824 671
850 291
348 828
317 726
609 445
507 242
791 243
390 979
618 5
274 654
390 223
705 776
425 36
175 855
964 146
770 793
365 983
998 383
151 698
772 535
660 199
194 229
847 540
564 860
117 402
740 852
265 930
729 959
365 466
478 188
639 796
820 627
952 676
843 919
836 294
396 152
217 692
699 705
666 317
867 341
627 781
81 779
514 630
801 215
543 617
691 54
899 873
548 834
26 523
917 752
21 662
781 290
405 759
456 935
675 85
477 818
539 808
297 648
289 805
968 26
200 263
347 213
762 405
327 291
804 462
489 309
444 50
345 357
485 287
102 496
389 973
769 837
232 209
353 167
770 611
941 898
134 471
636 915
225 615
569 814
131 749
363 360
589 889
391 159
49 219
639 669
496 711
415 249
947 458
33 281
246 197
390 396
968 160
201 833
128 420
778 231
516 453
550 695
554 957
223 423
841 675
677 232
549 205
764 451
190 543
575 855
205 592
973 800
783 119
420 174
323 600
295 822
639 802
236 893
270 825
144 566
859 698
576 855
727 667
852 646
358 401
282 12
218 674
372 130
952 70
158 353
625 928
92 843
102 58
233 139
123 698
308 583
379 46
945 620
556 276
571 710
177 714
986 35
596 318
861 552
743 271
466 59
498 479
43 465
943 898
875 814
143 113
94 512
809 885
811 796
142 248
398 469
600 18
959 304
752 961
346 122
394 836
324 638
646 552
778 191
637 163
402 570
587 825
292 275
940 561
176 363
321 738
579 640
300 36
674 168
761 282
111 447
775 926
731 289
908 994
724 492
794 14
71 894
895 340
597 823
3 856
937 79
548 145
155 132
14 842
146 683
458 852
904 914
851 651
669 77
997 982
107 281
885 954
155 543
958 614
672 447
525 761
269 321
984 645
911 964
97 221
839 557
265 820
823 766
54 573
375 947
368 895
508 340
623 485
661 486
376 332
749 151
223 488
811 517
378 945
238 381
15 584
71 196
881 807
284 123
854 911
216 72
347 366
849 500
635 600
841 249
317 85
548 109
867 273
520 461
610 873
238 221
82 862
156 800
828 738
944 731
677 468
436 583
851 543
126 565
890 221
516 604
485 311
763 928
910 443
162 411
932 198
150 101
961 910
326 133
714 528
662 302
865 939
816 118
436 69
279 507
158 9
204 554
761 960
232 773
642 767
233 219
437 770
544 956
458 392
722 966
496 544
356 723
472 109
18 532
41 88
385 824
236 494
57 140
254 214
330 543
361 158
888 180
793 72
425 431
263 947
473 442
979 185
224 547
224 861
641 121
391 840
274 51
431 432
979 826
945 416
112 121
527 950
570 568
75 810
687 273
923 289
721 652
167 135
895 789
9 73
446 757
978 121
624 455
37 166
290 307
481 924
241 731
98 282
394 582
607 169
650 480
471 350
462 705
367 639
656 103
220 84
396 522
294 857
267 189
172 317
670 145
242 639
922 460
723 641
97 218
987 348
517 437
69 348
368 542
733 271
285 279
346 796
783 544
762 35
374 630
223 197
190 313
527 262
699 909
617 931
386 319
858 717
517 178
894 683
406 659
173 34
550 1
585 215
320 349
584 349
79 908
880 815
612 130
66 149
739 787
724 991
113 22
14 82
94 849
932 343
537 347
217 95
980 975
850 86
61 911
102 17
714 753
636 121
351 445
457 424
869 859
130 584
129 900
335 588
432 439
945 829
137 689
264 585
774 396
288 363
758 987
214 573
462 554
402 228
804 415
45 16
21 147
881 556
67 495
42 830
252 912
745 320
913 739
626 80
649 980
410 155
837 891
141 64
162 635
619 293
716 362
291 68
474 438
664 398
327 255
281 476
819 639
947 285
38 811
567 942
442 35
714 258
873 930
619 134
924 962
962 265
173 292
208 571
556 967
103 927
813 603
254 740
269 478
205 862
28 104
125 829
660 18
335 462
629 362
577 493
709 619
250 760
579 502
949 671
857 696
143 556
484 489
753 47
848 67
481 31
208 331
253 863
298 787
214 737
195 552
846 344
663 494
553 833
848 156
569 380
823 195
928 700
91 629
560 885
229 164
560 673
102 232
402 764
973 830
347 150
278 913
819 918
195 390
860 849
705 240
189 997
60 172
210 577
798 543
909 74
130 5
399 286
217 153
659 818
431 170
490 379
693 392
820 134
745 833
837 247
288 946
422 165
447 961
303 240
11 471
519 588
520 866
168 857
89 187
519 977
324 778
90 247
333 871
148 50
779 734
911 913
405 985
314 192
444 341
454 601
311 38
51 507
418 719
326 586
713 442
899 487
431 240
479 448
804 380
44 711
999 374
30 320
823 688
901 976
112 108
332 478
535 257
410 560
117 431
578 937
61 199
913 398
978 458
176 384
306 19
253 310
85 600
731 941
837 686
601 830
607 719
277 115
594 712
424 268
438 36
89 856
712 92
285 870
390 726
634 565
190 574
44 914
465 190
4 600
380 185
501 389
955 250
851 551
703 737
249 71
672 829
878 892
399 752
444 47
849 595
132 244
200 600
31 26
450 5
795 299
776 54
272 973
739 339
733 264
73 153
567 563
849 92
402 890
613 381
240 412
79 765
455 847
893 159
389 18
237 459
593 820
694 986
897 143
590 758
409 221
134 356
247 60
574 961
383 544
891 887
553 38
240 938
276 117
864 674
846 899
306 376
920 44
817 484
306 913
604 154
407 501
913 442
949 188
150 821
756 938
539 637
531 82
816 680
232 77
653 549
32 584
749 409
29 725
52 864
641 900
611 452
874 874
628 845
442 412
356 466
994 63
925 861
764 730
153 558
579 290
790 666
486 987
628 964
731 431
76 389
334 683
166 498
5 331
751 823
93 129
189 435
883 398
592 633
591 631
756 42
623 997
361 889
172 284
130 557
955 328
415 275
433 157
63 770
241 489
577 44
981 557
937 902
342 602
801 317
841 922
496 374
906 901
112 663
166 231
13 737
542 778
508 539
435 971
508 443
889 145
1 721
182 888
954 944
314 393
591 754
816 113
108 307
922 581
60 186
301 695
52 467
317 156
248 578
569 724
741 467
545 428
943 292
29 776
151 15
261 97
533 826
867 982
987 612
921 127
293 187
477 63
142 8
469 84
542 454
230 988
141 33
33 736
271 583
63 286
720 203
482 845
634 420
992 243
703 713
579 181
584 50
934 370
581 447
715 711
366 826
516 186
910 611
353 424
795 121
510 533
834 893
660 659
852 179
92 17
107 895
337 707
888 546
543 24
370 903
427 624
905 671
209 879
118 153
832 824
553 41
749 101
963 370
88 792
995 771
928 258
739 352
319 36
44 420
773 919
575 869
647 735
765 811
290 482
709 386
401 769
819 873
612 845
879 605
510 205
328 193
462 157
958 933
844 990
670 559
829 898
629 544
593 176
567 436
482 648
750 765
185 604
231 842
366 359
314 555
534 777
500 24
661 310
585 849
233 812
973 941
684 947
456 852
396 792
555 719
727 792
455 150
648 468
868 688
801 466
899 586
43 133
237 382
526 644
333 948
416 545
70 456
863 595
637 899
174 788
309 598
323 471
625 387
577 500
274 728
653 41
872 713
866 877
490 222
701 167
811 609
214 520
461 808
575 184
560 657
263 605
964 461
318 581
14 283
840 886
189 39
595 558
678 138
591 902
293 112
857 951
72 58
568 533
568 29
492 96
384 668
741 373
275 985
713 639
832 599
362 610
176 590
888 974
283 399
76 787
419 54
397 2
506 702
429 548
50 472
939 422
56 558
654 685
557 56
197 818
734 931
28 951
90 579
70 360
298 551
43 709
898 731
392 980
939 112
772 303
893 142
968 31
974 19
53 418
878 811
236 640
295 811
137 44
124 941
484 959
771 265
304 872
805 19
969 165
737 771
837 357
894 837
896 529
839 448
803 346
120 45
876 498
648 46
54 232
230 89
537 424
416 647
488 344
963 226
214 901
463 333
196 225
511 546
104 611
963 22
246 485
995 671
794 197
45 888
35 802
160 865
218 894
147 527
212 281
683 63
206 966
280 744
257 123
449 334
58 354
575 757
941 801
753 521
178 460
491 248
113 889
62 651
597 531
536 777
879 668
798 86
553 824
294 393
325 27
207 326
960 331
456 936
512 575
432 925
826 450
895 394
681 858
149 738
282 673
761 106
350 322
174 406
25 182
752 802
458 694
636 597
726 505
359 20
665 574
663 333
998 315
879 99
312 998
268 278
986 240
179 983
439 555
857 430
402 145
7 529
684 532
849 143
146 9
612 717
893 517
186 718
567 892
165 120
996 466
823 910
640 423
504 269
453 755
257 256
646 778
353 479
193 677
585 321
478 751
330 941
22 86
364 510
202 211
151 469
342 249
137 446
729 809
767 122
946 581
830 943
9 857
666 728
964 819
669 260
990 621
604 124
894 928
89 671
191 219
732 495
145 927
729 506
794 523
465 726
821 226
544 770
941 187
641 43
540 265
165 434
137 938
387 471
692 546
310 744
630 664
357 75
105 988
413 570
977 517
763 747
183 141
808 213
168 35
679 179
758 405
616 456
883 198
461 442
295 392
207 730
762 830
859 52
310 632
397 33
523 729
887 816
847 254
888 16
690 345
546 977
812 179
501 646
358 25
4 289
905 266
78 220
595 153
895 905
909 902
325 965
204 514
146 800
858 494
183 955
584 687
200 114
791 486
813 908
871 89
415 330
24 558
132 437
769 252
799 837
454 121
474 948
714 19
151 14
659 997
401 548
587 814
938 387
578 611
257 557
615 763
798 14
986 651
878 518
932 790
492 125
928 883
250 291
701 949
536 531
542 564
576 621
766 501
977 853
423 49
356 463
145 37
53 528
366 650
786 746
756 622
9 92
390 37
225 997
583 301
939 341
403 873
203 134
109 144
951 377
310 583
159 871
361 827
382 184
854 973
267 511
629 89
590 685
784 910
614 82
837 483
824 302
860 877
585 638
456 909
165 879
883 517
280 475
521 641
960 445
556 886
568 275
832 216
55 390
422 372
781 168
58 707
448 667
618 627
78 766
146 961
462 864
908 885
129 850
581 515
394 451
940 61
29 806
59 84
541 202
867 551
22 774
414 877
522 400
46 529
27 9
396 10
999 86
249 226
746 748
592 610
493 245
953 286
567 350
926 947
496 500
124 325
696 65
984 646
428 466
665 316
550 653
80 652
163 798
540 457
548 64
734 705
678 355
798 906
312 915
203 704
291 943
356 291
430 324
637 490
882 375
859 435
56 508
433 500
18 400
705 434
109 503
371 470
437 110
865 186
365 994
967 606
626 141
219 509
868 786
906 264
313 270
336 948
870 55
702 41
580 437
564 213
214 192
125 253
848 43
484 206
488 320
453 398
304 294
867 704
198 407
293 817
285 866
99 805
94 838
440 99
946 911
433 127
928 196
808 67
625 11
492 186
800 145
78 762
753 955
852 521
106 462
58 640
133 882
253 182
919 266
328 131
88 681
684 295
189 559
500 403
733 318
159 217
624 420
762 440
145 630
372 160
595 707
778 888
993 997
326 683
442 119
570 552
764 436
898 449
419 331
112 935
461 863
215 83
156 52
461 648
206 358
227 222
856 975
926 259
877 749
725 874
593 319
341 120
576 738
605 474
308 545
645 168
887 221
297 177
706 413
380 360
499 377
22 201
769 10
538 323
999 771
288 844
396 671
190 659
579 216
908 563
175 877
19 900
494 818
609 872
769 326
748 969
938 446
637 387
616 274
535 75
280 423
25 368
133 108
888 492
946 490
634 65
60 709
202 209
657 659
717 936
341 808
445 703
895 17
510 165
986 745
356 470
245 84
763 556
849 631
795 669
200 574
653 19
175 435
942 594
467 726
255 715
396 628
691 649
476 290
843 705
313 626
61 204
183 91
709 205
669 359
148 842
359 40
119 120
681 786
619 277
51 945
837 57
389 184
555 768
224 207
248 960
6 613
995 505
336 147
994 141
639 568
242 280
583 401
601 423
849 265
89 766
740 931
495 83
944 119
715 814
902 838
463 324
241 503
822 693
991 835
93 788
669 289
988 551
131 778
626 497
820 996
562 370
963 343
47 530
231 111
479 197
667 39
599 995
181 719
617 268
267 876
473 40
463 115
106 551
671 616
176 794
191 311
685 227
329 277
471 95
64 12
522 936
697 469
281 916
879 33
504 25
149 837
983 900
991 195
520 942
675 758
591 404
785 554
348 573
102 124
737 36
72 555
281 25
425 265
42 572
795 690
910 595
896 196
237 214
404 242
523 748
713 913
917 748
321 363
458 865
907 837
999 867
227 308
908 396
940 278
865 762
735 943
255 145
775 734
617 330
431 852
452 270
136 908
852 396
795 878
765 11
939 841
543 247
694 107
188 361
835 837
295 230
690 735
11 106
798 310
481 566
20 36
35 860
635 335
117 150
668 61
634 325
24 788
653 668
694 93
709 788
33 526
873 586
425 769
219 957
574 246
886 23
392 206
455 130
872 753
745 458
820 183
57 947
92 310
442 705
958 565
874 514
178 131
242 77
910 412
384 627
283 721
513 566
115 219
746 144
765 728
753 172
934 36
320 688
36 913
853 910
801 787
8 146
413 733
773 85
740 794
338 536
982 584
964 425
838 535
851 635
417 840
642 976
112 842
666 901
880 229
115 317
420 166
501 472
568 66
193 969
936 260
205 113
18 395
701 311
233 683
909 567
39 960
534 936
403 97
797 497
157 101
593 991
931 648
932 602
503 929
521 318
165 327
662 528
155 815
584 587
756 862
314 355
803 611
758 634
638 233
578 925
117 936
165 438
689 422
577 799
983 840
893 164
965 831
513 514
873 948
720 326
778 91
996 848
310 571
514 290
24 528
547 363
61 962
554 239
773 533
726 150
740 26
60 187
568 67
909 50
231 338
477 363
627 358
817 390
529 337
759 387
791 118
825 649
770 959
741 144
453 499
364 735
985 328
986 686
767 88
239 351
49 845
949 330
380 237
812 794
696 116
201 896
275 292
584 838
558 995
711 908
205 431
662 524
512 426
553 209
896 326
323 778
205 329
497 200
310 39
155 950
828 121
635 692
295 554
174 854
789 264
157 146
22 437
710 248
856 350
266 463
145 264
455 326
628 22
568 630
727 804
248 552
619 258
278 589
933 320
955 884
235 69
741 26
445 863
545 812
402 276
712 907
345 705
557 89
937 989
515 321
944 979
621 188
959 223
240 860
615 488
717 960
447 488
334 43
426 135
747 332
482 270
842 332
477 299
616 761
772 968
917 266
323 603
764 755
812 867
647 581
667 270
322 296
365 503
88 182
59 810
890 229
438 278
303 844
666 812
738 693
613 609
312 951
18 866
183 294
176 994
670 449
883 166
623 248
191 661
793 154
190 745
410 434
285 594
296 290
521 747
225 161
175 651
597 889
239 200
162 472
616 482
340 103
680 300
896 412
796 726
475 881
944 764
590 600
863 341
674 579
86 30
907 920
753 449
32 99
962 703
863 689
29 626
638 295
792 949
695 183
997 59
358 442
377 955
702 627
216 98
894 463
307 155
23 642
462 625
728 314
95 574
168 486
15 460
875 840
21 611
127 841
751 396
847 279
886 54
830 173
701 817
356 86
87 96
586 134
837 586
394 106
577 784
612 816
245 868
501 842
861 842
565 748
129 569
564 615
768 842
689 467
631 467
213 252
59 101
667 287
440 958
661 530
864 946
531 704
302 445
715 348
868 824
493 756
513 63
624 809
440 988
428 97
979 708
75 724
162 639
106 571
272 864
983 189
462 18
617 11
315 647
904 115
185 248
302 960
455 131
762 699
344 678
540 710
243 552
120 201
995 460
416 789
811 767
889 112
755 452
619 296
28 427
559 784
857 527
483 851
934 408
774 168
319 885
848 252
431 426
850 734
558 318
28 755
165 172
840 51
258 933
520 494
922 894
59 301
101 654
168 498
926 194
202 795
295 949
827 651
901 284
907 102
753 920
474 693
696 453
85 646
430 925
716 403
858 657
497 198
761 925
878 654
295 580
835 106
329 997
303 863
319 269
985 83
696 3
528 222
361 171
102 148
375 221
428 595
610 383
777 737
726 961
898 963
791 547
385 533
92 110
424 887
890 888
48 672
198 242
95 629
940 813
975 603
837 366
399 280
518 439
403 66
945 781
121 690
58 291
692 999
912 884
999 676
281 129
943 158
591 638
423 197
399 97
240 76
985 680
207 803
486 775
770 788
5 56
154 371
576 176
555 306
746 837
808 7
255 687
539 455
672 246
230 807
75 111
374 244
865 43
598 641
806 317
539 557
737 730
291 567
609 272
604 521
88 195
588 752
79 395
850 742
637 514
21 202
205 196
363 649
191 447
833 881
379 902
122 414
704 882
413 444
455 97
205 213
257 173
990 629
300 979
618 282
476 443
743 236
883 834
298 531
172 112
279 461
962 340
462 705
242 726
109 297
266 522
945 25
291 379
501 467
308 956
138 52
892 747
85 92
305 391
350 260
486 247
768 739
161 126
159 374
987 672
128 263
513 31
279 716
795 620
858 603
845 427
812 290
353 195
178 478
436 768
146 49
895 77
517 817
878 950
295 845
464 887
922 817
708 600
239 253
912 697
275 761
461 538
340 766
277 457
254 256
127 226
845 957
516 153
973 864
523 618
242 950
287 606
631 765
336 164
236 206
403 210
914 128
504 90
869 585
944 579
739 432
837 526
504 611
93 377
15 771
587 305
328 469
234 327
341 321
279 844
281 246
694 347
236 858
142 771
426 823
970 496
671 21
934 170
86 518
697 551
192 424
871 701
227 153
992 185
319 494
217 594
38 200
714 520
722 334
209 765
775 895
387 592
60 960
832 250
963 858
638 945
371 398
947 540
584 717
830 720
71 443
472 263
159 885
218 91
697 227
326 657
521 455
846 488
375 118
61 803
403 249
668 579
314 355
543 427
733 837
130 899
156 952
323 521
976 498
171 499
337 573
525 250
199 438
465 875
519 842
734 466
312 875
772 531
817 590
608 737
265 608
841 649
646 838
7 499
17 921
909 784
550 198
122 466
243 289
180 740
980 83
385 822
307 480
995 159
72 18
929 457
65 342
453 277
441 285
955 439
597 79
498 26
401 35
542 241
251 117
773 615
959 734
271 385
884 551
245 114
926 327
488 758
420 227
187 381
814 184
445 549
595 77
585 910
866 69
643 814
869 91
359 737
613 707
208 880
498 409
796 456
534 644
580 793
601 417
578 149
535 914
17 673
376 113
97 592
169 972
36 230
193 539
413 103
694 814
153 875
625 593
504 170
210 507
507 565
717 795
417 44
389 333
874 559
776 303
305 867
552 521
812 442
650 746
525 494
624 290
341 828
433 520
219 963
109 824
672 228
61 404
85 475
154 151
714 656
428 327
385 956
833 236
341 807
651 246
981 286
547 16
941 469
960 268
664 502
183 691
297 677
953 541
144 821
266 449
905 911
957 253
864 101
742 602
32 914
241 268
868 126
876 838
394 765
665 61
28 59
85 581
603 812
767 600
92 904
871 650
306 84
104 882
560 175
831 307
271 568
430 385
823 163
585 800
808 436
635 168
309 80
974 195
647 998
777 975
951 259
712 803
898 703
611 537
682 404
728 335
416 782
108 915
357 341
294 117
962 390
633 136
704 149
473 768
822 85
205 825
262 223
786 106
744 956
550 390
124 486
610 810
228 181
801 158
245 544
3 368
587 973
795 779
796 112
919 397
974 14
417 197
474 596
269 397
373 617
196 573
921 961
253 826
83 832
530 537
634 325
663 827
570 611
542 716
314 787
762 658
810 39
183 542
105 841
410 781
762 882
582 265
577 408
64 499
75 205
30 25
549 591
792 829
371 231
616 45
980 141
501 586
13 577
406 222
479 590
132 900
328 810
211 457
649 467
540 204
759 755
129 981
148 42
70 952
644 522
513 407
216 18
56 219
501 741
874 238
497 447
399 956
979 755
747 244
627 280
881 72
855 959
469 928
74 637
842 777
391 735
758 584
185 33
219 605
820 10
859 261
745 419
217 43
956 445
947 450
158 578
676 7
488 440
579 683
808 209
534 389
801 257
264 305
586 322
608 471
917 429
35 468
164 903
780 402
607 406
866 506
525 792
884 539
133 710
737 349
421 96
974 605
302 473
599 699
279 568
695 912
839 40
503 48
724 220
931 21
737 927
724 668
568 951
978 620
182 48
980 611
533 817
211 37
79 622
389 961
400 626
382 670
217 585
686 858
537 441
205 629
420 721
624 924
645 765
592 332
73 700
868 85
404 468
462 978
351 122
17 958
34 921
913 66
515 197
57 229
549 432
228 909
572 789
742 715
217 71
955 105
430 358
557 352
716 218
917 394
28 598
103 576
4 618
378 532
923 418
909 490
668 500
985 42
914 616
203 63
328 665
839 155
599 268
957 192
711 140
180 954
560 123
752 988
551 827
144 514
146 504
733 525
265 980
440 133
647 424
613 741
934 12
620 687
847 279
939 208
693 242
15 97
826 56
434 539
605 660
539 313
258 105
913 487
670 931
357 770
25 76
161 855
591 993
849 271
610 988
676 590
352 921
462 547
981 837
175 699
885 158
231 303
765 442
235 814
946 84
998 724
520 690
332 470
946 577
86 424
143 765
388 432
952 372
324 532
948 403
984 234
24 207
582 900
382 818
560 804
149 338
811 177
824 200
78 234
374 189
560 583
539 98
248 396
413 898
257 370
610 548
268 624
668 925
387 924
965 235
324 271
82 22
109 848
718 846
172 674
91 84
707 824
547 726
464 518
928 658
427 703
513 137
242 520
862 83
756 903
959 804
580 785
866 158
230 31
892 452
945 880
281 29
337 679
559 968
534 766
627 281
513 531
195 74
130 525
818 988
96 34
154 450
69 899
287 71
331 839
293 388
169 477
70 432
996 457
636 881
246 774
858 495
487 356
865 42
35 45
915 553
777 24
707 623
647 747
823 207
63 302
898 568
100 307
860 19
169 616
997 119
408 988
567 595
818 708
237 405
132 317
948 157
681 869
641 72
600 883
56 559
641 894
240 803
309 8
725 567
887 857
952 41
758 539
397 876
553 96
823 136
287 429
813 890
815 414
181 148
182 328
475 800
358 225
545 155
658 331
440 93
917 10
640 144
579 248
943 994
381 11
485 512
628 81
323 212
964 770
602 350
434 751
825 213
880 483
4 896
580 312
238 646
426 397
835 814
212 536
391 441
345 294
948 307
873 472
446 513
991 166
870 392
276 928
476 670
