100
151 547 32
235 284 970
618 598 759
867 767 367
541 932 697
372 457 733
646 87 390
874 246 573
453 596 379
97 883 558
342 297 914
817 561 375
574 702 973
267 239 42
471 447 955
7 304 428
60 509 419
367 628 691
73 709 752
601 882 828
676 467 282
759 126 129
840 572 933
77 250 448
789 271 46
24 96 679
475 941 487
828 655 62
459 304 970
689 288 83
478 949 477
373 41 647
695 966 231
88 995 728
354 516 669
126 429 165
240 832 244
855 680 666
151 763 524
57 313 121
609 636 834
949 144 682
85 206 169
99 24 976
62 980 57
561 557 987
264 311 484
927 139 134
819 777 654
320 29 234
510 960 732
486 149 146
532 686 541
303 835 229
404 260 705
691 204 766
523 241 981
595 230 870
142 88 718
610 636 20
497 637 214
931 902 572
71 94 613
497 367 172
281 918 88
515 828 223
711 252 202
760 920 65
164 989 739
941 189 587
981 997 88
7 897 97
807 427 253
826 246 618
313 89 259
84 585 915
635 247 306
626 202 978
543 630 480
903 863 896
907 325 439
290 352 203
416 219 787
363 164 896
567 870 109
33 557 305
721 259 13
174 70 402
226 342 134
961 688 991
538 157 556
405 275 563
192 702 972
65 620 902
200 628 711
838 686 444
895 172 469
330 25 593
46 963 596
136 778 672
