100
197 751
735 342
111 115
279 548
508 457
488 189
173 882
49 546
381 717
91 765
630 369
469 906
951 373
37 340
864 97
591 293
539 879
339 497
14 295
866 496
858 540
267 806
412 681
552 456
295 580
685 893
689 626
358 449
551 210
206 352
315 499
150 476
128 939
683 209
371 981
327 843
213 441
725 76
83 610
560 973
629 37
222 986
925 138
704 550
230 442
388 383
504 361
583 269
683 882
680 307
181 966
184 681
810 104
156 164
98 106
479 593
181 315
162 665
878 610
508 31
810 727
991 138
197 939
714 439
166 690
824 385
127 844
975 571
425 791
229 513
535 811
694 364
192 294
725 378
472 28
918 576
431 438
285 611
894 258
347 423
483 331
858 906
163 287
10 328
159 334
549 579
622 93
874 576
791 20
659 191
373 747
612 850
505 212
6 886
177 482
126 60
536 507
911 378
462 573
765 28
