10000
50 602
536 624
220 713
298 724
815 94
410 485
844 376
381 810
686 231
708 671
110 790
753 864
389 492
480 401
278 116
915 563
59 60
372 67
633 797
795 510
513 714
149 166
386 971
275 105
174 215
954 255
155 71
814 454
209 733
718 429
348 467
311 795
958 831
591 501
95 949
666 260
955 529
984 129
136 601
655 952
705 567
688 331
420 837
372 574
29 622
833 463
223 516
904 627
823 535
603 357
735 610
929 308
70 946
281 289
859 580
30 6
533 830
805 985
948 862
38 287
565 706
355 773
832 842
443 423
442 880
198 611
353 102
568 942
733 462
455 20
997 403
369 536
937 834
328 767
636 757
65 653
636 346
563 943
874 234
421 340
580 846
283 450
625 220
497 284
967 408
118 198
864 685
144 326
861 397
437 350
588 645
488 950
757 6
884 340
786 112
227 613
463 186
298 840
963 605
853 148
790 912
527 442
831 173
912 502
986 433
535 422
775 651
735 479
709 978
285 7
905 500
587 292
170 558
941 759
283 588
611 637
794 121
189 913
835 748
840 473
885 61
523 195
958 636
819 864
992 723
432 490
197 849
512 947
576 54
267 799
834 902
383 650
493 306
113 754
629 231
232 897
921 346
119 242
319 407
576 876
503 53
779 240
424 327
355 183
475 994
757 307
292 460
175 581
925 869
221 867
263 697
988 193
889 935
585 178
458 575
105 626
631 930
255 932
850 253
884 888
335 517
772 937
354 300
972 220
344 803
953 616
979 780
641 972
971 286
439 949
248 621
171 259
115 112
869 232
447 642
65 996
510 715
235 793
999 687
193 660
922 720
178 263
22 553
500 85
485 158
400 751
921 39
778 389
470 103
869 844
71 646
531 485
687 614
636 859
613 477
594 992
543 526
710 248
972 646
436 674
961 948
429 299
44 390
680 588
719 293
546 565
554 782
384 121
518 675
978 519
540 509
696 395
876 350
287 360
403 587
102 931
106 797
727 789
851 3
635 962
429 304
282 688
420 60
791 592
952 143
906 683
689 689
606 806
16 958
215 106
790 294
511 987
997 549
268 538
633 241
795 44
678 982
761 908
740 431
585 210
963 959
626 387
512 241
908 201
279 959
179 269
46 615
545 948
156 319
201 900
17 87
115 331
728 907
750 536
588 774
559 171
885 177
625 991
778 910
851 854
682 270
126 808
822 684
738 616
417 137
921 56
510 933
308 225
386 892
442 825
504 582
134 128
785 778
810 156
711 366
300 881
88 787
78 137
64 31
890 126
235 663
619 203
23 564
97 610
33 4
877 39
255 879
457 875
448 4
737 189
970 156
872 170
625 915
400 42
255 346
968 372
142 807
423 511
64 175
790 334
422 4
363 702
952 918
952 518
74 51
199 781
86 281
318 129
823 313
961 867
647 648
943 200
94 81
2 305
322 542
693 610
347 784
394 784
911 412
128 765
949 672
230 865
551 154
580 166
60 162
793 979
766 2
708 573
751 697
861 88
412 894
307 762
513 739
867 577
724 890
432 935
838 799
949 379
120 911
922 474
289 35
604 793
920 339
545 279
762 580
872 313
893 739
947 88
345 974
645 459
177 887
379 905
700 424
589 425
286 944
530 197
549 731
308 274
251 860
195 832
216 880
433 852
442 178
872 523
214 612
85 899
465 2
278 937
506 445
826 291
815 170
410 907
966 356
523 984
905 974
551 45
560 89
244 358
536 889
798 483
900 615
566 550
834 155
121 690
34 12
447 651
677 430
625 992
580 272
767 918
831 567
93 363
177 143
165 350
955 485
731 261
468 721
781 680
50 203
40 682
769 400
502 524
396 977
452 773
131 526
27 726
818 161
849 274
972 759
694 297
449 97
323 963
681 280
873 479
995 117
374 852
362 632
508 983
867 740
573 815
297 181
551 133
591 446
321 521
303 370
586 576
34 527
434 436
318 104
787 280
517 10
87 467
179 131
973 699
30 120
618 710
387 692
527 149
884 145
387 252
47 538
181 968
529 71
910 823
406 403
387 814
167 421
159 341
530 399
774 55
403 287
167 266
317 599
671 111
61 237
288 494
390 44
224 278
870 802
628 638
271 489
66 396
532 951
558 239
753 332
610 266
165 385
24 654
508 862
483 894
456 383
142 678
456 979
971 768
624 427
225 175
411 885
360 630
483 125
253 763
289 775
969 490
869 351
85 943
319 57
102 639
108 35
896 838
372 787
679 156
463 513
904 269
673 830
544 949
619 90
207 785
780 588
652 863
63 417
365 806
659 310
684 505
561 547
440 243
585 120
764 793
306 362
916 518
450 216
329 404
318 525
28 311
416 451
158 166
619 252
694 317
668 507
818 770
216 286
716 972
567 42
992 353
290 868
573 90
707 586
441 899
362 696
941 648
289 426
63 294
228 473
522 51
382 721
215 582
965 407
302 959
110 268
642 242
421 32
665 434
627 928
964 814
464 125
230 734
540 502
870 121
867 5
322 856
213 767
814 847
651 186
564 156
40 961
993 225
126 590
801 509
537 152
59 370
893 908
546 87
656 36
546 936
716 849
153 369
297 212
298 5
709 491
883 249
595 913
579 518
22 333
224 970
906 320
462 363
253 936
720 344
212 377
144 896
762 204
743 243
544 163
736 130
145 16
212 395
683 719
652 973
106 275
876 368
847 187
947 616
201 285
109 539
764 657
117 208
785 40
46 359
879 799
955 731
282 194
617 782
487 21
845 877
51 589
373 505
247 437
46 417
33 921
237 843
462 293
117 869
878 970
673 897
625 125
966 626
641 64
602 946
251 595
184 620
730 501
826 36
41 14
347 456
546 20
295 131
251 966
932 78
931 934
307 252
325 209
41 959
710 644
86 994
80 421
106 493
389 273
3 871
110 361
915 145
810 833
639 873
182 677
822 267
257 301
663 459
329 176
875 124
468 914
809 687
85 158
897 162
906 562
155 169
153 224
322 520
675 363
355 345
143 974
373 388
228 15
108 81
921 43
180 358
257 100
918 948
176 383
135 537
817 470
845 97
38 642
632 435
586 75
975 738
15 14
386 201
901 407
60 127
534 307
580 883
68 681
383 701
623 801
121 511
36 822
686 103
859 890
373 246
898 340
419 236
423 120
447 290
919 605
44 179
190 2
570 810
823 917
41 298
362 390
723 536
183 942
905 18
412 324
539 589
792 213
700 730
752 940
46 828
543 851
769 907
574 423
28 551
689 292
548 275
788 720
930 854
768 616
828 432
788 653
424 199
838 617
858 581
589 897
929 734
355 364
108 524
728 551
4 62
686 89
468 328
801 371
271 552
97 51
218 38
811 40
592 349
405 245
307 825
840 972
501 626
546 167
396 26
79 156
35 527
383 92
452 865
126 760
905 561
302 888
550 442
627 849
395 87
164 936
683 726
125 724
522 666
790 676
692 635
842 507
311 334
899 428
577 13
529 60
184 46
661 259
601 510
865 818
477 127
248 833
465 861
549 132
962 366
867 448
691 325
209 403
495 999
725 115
427 835
879 634
687 530
415 621
645 86
487 20
349 157
270 388
809 249
497 271
223 864
22 581
395 236
197 38
802 461
241 250
304 120
139 215
486 596
423 421
850 685
849 44
440 732
850 853
142 124
726 131
652 944
107 918
31 487
982 514
89 105
993 964
218 611
138 973
779 52
750 30
890 784
783 152
638 415
45 580
322 59
593 777
969 156
249 476
230 133
658 250
524 234
19 639
766 758
827 603
329 109
654 61
362 449
426 334
392 914
226 189
740 551
471 619
302 837
384 946
289 469
565 702
593 122
343 105
946 53
719 487
17 43
165 900
502 748
155 53
422 843
694 819
785 387
412 954
10 717
86 313
719 603
484 417
790 726
797 938
602 147
269 953
347 160
750 561
404 753
193 435
668 600
255 800
406 334
301 662
151 907
636 793
399 673
213 129
956 528
243 866
365 326
451 632
667 823
400 527
178 923
576 335
766 999
417 265
663 59
185 22
132 592
149 322
654 106
870 686
550 597
724 69
601 307
175 430
83 368
709 684
638 849
281 181
750 413
46 593
992 682
656 245
411 438
698 476
576 956
727 100
454 911
527 913
532 32
585 287
124 792
228 268
662 272
621 237
138 599
85 759
92 245
667 747
468 538
234 392
953 76
270 950
373 456
109 737
903 691
929 877
568 653
744 875
224 590
650 163
681 124
877 594
69 391
960 250
895 509
475 8
224 597
180 890
718 894
936 795
105 502
612 232
598 276
407 313
858 21
94 825
524 4
906 634
823 151
965 545
469 26
523 447
304 956
122 736
593 208
83 940
313 870
119 673
821 297
279 518
826 691
708 162
750 614
951 119
899 249
766 115
227 86
153 580
838 476
172 640
300 88
498 191
758 696
585 268
839 604
298 781
642 479
588 669
5 243
909 790
231 36
58 52
641 616
148 558
212 64
785 550
429 301
41 527
688 610
995 935
945 558
207 30
253 600
892 362
896 120
123 493
744 340
589 325
462 761
927 637
416 254
817 959
980 565
78 997
272 385
554 13
289 918
375 20
270 932
350 747
153 595
15 533
514 57
455 50
969 4
414 9
688 177
51 474
825 250
638 978
719 358
541 932
122 725
957 326
466 826
157 972
627 299
75 567
645 196
412 228
686 467
281 788
190 899
772 202
747 975
776 297
939 274
135 113
562 452
13 741
445 801
575 149
36 403
715 810
927 845
292 332
688 129
535 577
953 583
392 828
305 274
781 731
277 525
569 822
923 849
886 406
736 61
880 723
875 226
184 293
12 154
204 533
564 644
618 605
513 618
343 358
151 879
681 201
395 793
864 538
986 456
148 211
622 966
269 929
137 97
296 553
945 637
214 420
242 512
582 953
447 593
303 204
803 43
198 106
51 881
792 596
523 434
896 476
600 979
361 20
989 209
298 300
607 497
810 444
967 687
838 340
107 932
453 516
156 720
472 351
491 381
312 301
112 570
659 9
988 60
494 765
72 12
562 404
808 839
254 783
929 602
416 19
785 764
433 700
489 63
991 210
970 456
263 491
809 234
889 392
935 915
538 451
400 826
970 529
992 595
652 129
200 401
329 763
480 744
430 447
836 507
748 738
421 24
835 729
976 900
236 35
513 548
611 360
589 507
569 429
533 887
99 283
684 874
922 422
812 677
422 476
371 241
949 928
952 949
708 387
319 237
631 38
905 958
245 218
596 741
31 206
724 337
479 769
51 394
474 673
77 477
102 68
141 223
29 769
114 17
441 995
772 316
283 710
102 819
314 437
117 378
434 760
405 332
111 790
101 348
667 541
173 821
393 684
918 371
646 302
328 913
39 199
196 157
69 629
626 299
54 338
164 612
197 774
835 211
441 221
579 376
447 172
942 359
332 458
863 856
325 806
635 394
896 908
785 643
40 545
951 958
894 447
377 433
425 785
232 75
368 505
454 416
513 139
367 762
88 607
783 340
142 608
587 905
577 144
950 586
847 16
566 37
786 357
314 919
47 23
196 460
377 657
334 606
934 366
90 424
902 108
290 77
863 841
315 177
141 331
161 508
173 358
698 39
688 653
879 429
420 524
2 754
15 810
451 104
129 641
490 906
616 160
485 687
453 223
74 170
622 486
419 877
34 421
879 963
331 948
495 723
24 450
224 335
752 49
698 64
87 925
713 577
506 682
911 525
440 146
622 382
124 846
604 320
437 820
665 73
779 752
170 309
329 312
85 377
16 40
504 497
983 10
479 290
93 157
996 876
230 143
544 829
515 249
840 975
466 641
717 271
182 37
453 976
502 501
941 917
581 484
574 462
713 629
860 140
523 369
27 580
692 94
217 805
493 621
928 381
223 117
144 779
474 751
57 393
221 737
847 239
686 858
566 697
872 588
634 205
357 208
174 945
293 538
450 982
603 979
224 268
834 653
268 278
193 148
115 130
190 137
995 194
34 131
664 454
375 574
541 172
562 741
751 978
935 725
193 795
309 676
533 293
426 938
990 804
985 561
43 111
697 458
125 641
241 572
765 342
570 778
126 45
538 433
879 347
371 838
655 324
167 48
891 961
512 694
616 160
280 203
873 839
30 847
821 351
990 96
538 279
447 780
331 381
599 515
274 63
532 126
80 231
761 551
144 503
863 739
995 914
232 665
817 627
471 580
676 662
92 105
135 513
743 576
233 448
190 645
468 650
47 346
966 923
927 814
893 691
726 264
188 405
191 61
536 492
877 555
444 36
202 196
905 35
60 132
59 55
355 982
834 489
242 99
78 79
423 162
254 669
810 303
821 83
886 722
622 682
245 318
749 12
866 169
695 236
124 218
329 370
22 59
911 711
617 860
309 289
362 53
930 633
813 995
226 711
447 202
36 801
130 928
785 982
358 228
151 385
328 452
748 575
969 754
259 239
85 73
872 643
492 439
389 147
546 714
131 126
377 399
810 370
620 537
662 402
554 921
121 782
900 98
710 323
468 895
106 578
247 383
784 985
600 132
356 973
598 678
120 940
548 921
897 918
512 699
236 257
221 322
651 549
396 274
756 581
723 650
443 292
245 213
423 901
403 718
92 694
714 431
815 864
902 779
592 282
201 696
27 674
185 542
95 821
839 116
59 112
260 291
353 502
866 423
208 256
338 705
826 296
424 940
904 301
233 3
682 340
838 713
610 646
228 549
998 113
86 123
373 538
606 530
348 554
660 985
217 64
335 972
768 345
589 28
857 671
184 893
361 415
197 683
18 488
267 636
439 958
550 653
337 736
836 543
726 788
987 158
441 717
273 129
718 72
588 414
373 755
827 362
701 344
417 441
991 449
787 294
577 932
187 570
424 767
292 528
133 637
16 42
670 269
397 989
670 716
662 402
928 106
381 802
980 403
451 420
29 840
124 849
676 484
998 563
180 812
879 316
98 305
874 455
950 443
913 760
3 848
679 31
279 246
262 978
909 457
273 459
634 262
940 766
167 899
445 403
582 458
272 807
186 578
333 963
883 250
955 615
596 671
964 906
389 292
839 746
80 181
620 34
34 540
882 866
779 384
318 814
807 81
417 284
168 825
309 699
576 113
585 147
302 470
759 839
584 901
159 908
160 577
624 853
71 433
700 920
909 198
91 329
637 880
436 213
311 493
176 132
799 693
436 468
271 120
357 810
200 885
563 70
316 731
470 496
803 838
705 353
612 677
108 747
136 661
232 129
510 220
663 261
29 425
481 6
744 38
752 586
563 155
973 767
523 398
505 922
666 96
775 399
741 429
969 699
169 117
354 111
525 340
179 495
121 672
816 845
544 460
644 342
746 351
866 990
531 924
109 90
324 718
921 205
265 856
207 914
378 618
582 63
90 656
594 462
841 387
690 262
775 983
683 43
754 342
468 76
960 983
205 234
200 254
487 500
626 639
166 419
313 759
802 402
26 463
849 212
617 647
806 2
726 161
789 870
80 796
526 267
517 961
939 356
186 571
846 738
66 782
384 976
468 79
782 212
202 881
910 646
503 515
821 817
536 182
262 27
205 320
913 666
678 312
507 320
853 757
845 71
539 973
23 116
468 751
466 8
661 47
311 377
607 227
63 542
859 455
813 386
25 528
170 276
377 517
481 457
699 147
211 218
147 444
269 495
720 358
634 387
580 459
51 919
653 971
879 664
888 70
134 682
850 17
992 408
346 95
907 686
471 323
335 917
981 998
660 788
955 395
455 210
78 329
235 818
681 68
368 802
352 572
624 554
34 429
214 220
869 961
815 148
748 579
242 586
950 439
917 189
595 56
106 59
31 942
181 575
657 192
737 332
131 212
496 738
726 2
629 440
45 219
478 998
192 822
919 382
867 670
615 475
941 680
672 520
310 769
678 985
55 946
54 73
585 724
656 583
926 189
499 758
621 686
893 183
666 366
386 498
765 242
98 473
988 554
183 80
13 223
42 727
6 477
577 184
454 450
122 287
72 132
834 345
941 945
924 20
670 603
918 218
553 618
536 395
160 907
806 701
954 275
272 374
950 984
864 791
779 980
457 493
432 459
512 199
435 113
46 169
124 107
599 708
759 401
908 330
579 187
406 72
545 525
104 151
688 129
748 896
47 779
699 541
278 957
454 542
790 229
432 260
123 122
29 82
84 353
55 669
203 65
649 915
325 787
116 721
609 100
540 974
901 29
643 272
894 339
833 848
744 460
212 988
786 797
41 808
911 786
54 216
139 804
976 874
857 614
414 72
769 789
568 848
136 766
372 164
610 422
542 731
536 968
714 550
269 129
887 410
13 231
86 344
603 22
243 763
850 805
543 413
570 293
45 203
803 953
864 804
297 131
522 7
447 21
66 201
554 249
906 65
316 245
963 660
964 295
821 382
277 485
220 77
94 287
32 985
785 4
333 296
223 89
855 292
75 554
263 301
464 344
516 964
175 519
730 128
812 885
958 976
55 539
330 298
340 525
795 793
695 994
239 478
399 851
298 529
230 491
668 212
674 608
187 193
42 693
203 288
904 827
795 977
672 299
153 765
829 125
442 820
976 153
11 908
42 779
391 398
965 574
586 536
923 996
734 602
148 123
734 36
291 309
659 491
81 747
174 414
712 836
796 923
953 631
570 951
735 730
366 440
979 798
147 666
807 202
982 349
796 875
789 533
391 257
416 88
228 118
473 507
203 336
161 182
266 148
242 811
159 793
883 444
363 166
329 769
810 569
364 993
514 760
79 727
952 774
760 70
787 208
1 471
838 958
233 501
675 316
343 66
694 383
516 970
447 441
759 930
973 228
108 449
680 462
444 453
811 657
682 2
472 907
730 17
196 197
615 174
627 78
837 492
720 562
358 867
478 136
445 234
921 216
190 800
727 606
788 335
711 584
87 265
962 4
876 111
267 90
611 328
957 927
23 431
969 891
139 459
715 634
720 784
953 740
534 26
278 442
981 386
822 354
389 801
717 33
816 752
551 906
378 844
128 190
901 996
567 580
650 360
104 639
375 173
978 45
260 802
205 821
615 862
745 843
179 772
408 341
368 226
363 833
749 120
186 93
702 689
873 868
252 572
358 458
816 859
11 373
709 875
514 209
317 654
499 892
1 213
350 826
8 234
343 677
618 868
37 538
970 646
60 8
355 666
22 691
102 619
867 792
255 457
415 455
595 190
849 574
626 400
397 584
337 917
503 445
652 253
398 629
922 107
318 231
314 284
714 799
291 415
172 128
677 72
720 862
805 235
850 235
434 32
842 136
865 432
259 393
534 105
637 3
66 319
932 978
438 292
668 233
578 783
279 580
368 653
622 381
482 886
537 578
597 536
459 870
314 144
137 101
231 41
278 124
913 520
757 549
530 992
688 469
793 208
584 116
217 308
94 136
265 541
171 608
774 983
589 828
391 950
915 450
135 191
302 887
251 17
725 503
817 458
281 988
839 763
104 747
923 94
609 193
882 880
388 756
261 697
503 28
760 468
971 529
50 993
2 715
646 153
438 433
470 471
857 443
389 985
369 730
772 321
429 732
702 278
467 677
655 72
293 300
862 876
957 248
746 323
963 291
383 94
258 309
247 35
403 971
399 693
604 476
581 900
858 477
674 782
458 50
59 501
8 539
794 929
808 992
826 34
340 982
235 691
593 226
989 593
574 27
990 637
835 379
722 897
943 445
491 223
619 64
532 907
910 409
646 218
851 217
911 115
728 649
47 95
821 655
939 843
341 566
433 426
393 623
410 897
274 353
694 649
868 602
526 56
740 341
872 996
12 950
854 183
258 173
375 988
147 338
650 52
333 699
12 209
949 638
104 914
170 817
387 87
578 943
732 214
736 628
629 2
978 999
879 151
805 385
896 995
754 516
195 331
760 665
766 856
47 788
802 78
286 343
923 197
114 689
854 578
34 590
390 225
672 996
561 166
163 99
465 730
10 769
429 446
258 508
267 322
191 429
799 145
75 977
103 707
26 783
682 278
525 403
882 143
478 457
424 277
521 775
607 366
849 84
510 457
83 525
925 639
925 383
306 521
957 748
955 667
829 693
826 991
312 142
520 199
541 564
592 748
510 38
6 120
374 747
576 47
306 858
311 935
546 397
750 643
512 501
118 431
478 902
529 993
937 751
408 521
857 199
835 230
619 961
249 960
704 808
484 882
642 852
644 886
588 867
641 219
94 252
188 548
612 651
383 146
128 288
180 712
311 501
323 849
204 821
643 315
188 739
873 307
290 886
2 318
119 840
480 230
204 16
859 504
120 19
632 504
933 455
448 497
61 10
861 238
466 676
290 740
955 999
512 191
750 529
609 226
232 248
816 770
712 763
475 942
601 917
161 881
329 171
536 311
727 536
83 540
697 218
469 267
422 423
707 367
306 917
211 148
779 314
812 347
323 970
356 64
27 322
48 392
526 838
755 220
82 19
505 9
451 68
455 323
970 712
819 640
151 624
420 472
625 147
684 392
834 246
572 575
233 507
174 255
733 694
296 546
58 496
626 213
148 766
210 612
166 600
84 880
438 329
121 429
920 551
703 677
945 654
696 48
507 315
948 760
177 308
877 174
879 628
44 875
261 660
69 751
32 189
115 909
387 166
596 924
625 97
548 322
978 928
779 550
130 10
835 316
379 589
252 615
846 948
717 279
199 347
578 379
688 239
767 182
775 815
79 867
187 381
239 550
808 131
638 156
771 927
311 495
366 580
548 18
349 261
480 273
189 385
262 792
311 138
490 279
84 776
391 989
774 670
51 367
866 286
805 918
550 50
196 380
243 612
197 947
933 543
931 908
631 865
695 612
957 465
829 566
122 442
691 599
204 811
717 158
185 597
731 525
429 723
421 696
726 266
454 361
417 613
317 934
277 548
564 216
312 399
156 54
9 374
679 111
392 668
197 668
905 372
805 896
831 176
510 158
287 811
645 992
302 851
216 162
809 297
294 545
959 675
422 707
392 12
147 931
578 125
989 580
545 326
708 694
981 751
318 755
15 531
624 28
149 945
376 849
348 451
838 820
874 582
113 133
688 55
843 326
711 250
587 487
860 132
749 183
116 423
251 957
621 147
669 318
381 340
295 844
559 912
572 98
336 858
675 636
385 80
410 177
378 363
626 231
461 28
812 302
201 893
857 824
129 2
233 514
112 532
975 785
296 831
534 549
921 944
653 559
806 754
814 210
429 320
767 953
27 424
320 377
692 347
981 7
32 741
508 646
869 805
578 852
507 527
744 930
184 867
420 565
729 439
494 106
749 534
204 865
77 799
897 129
373 343
194 271
349 528
525 64
134 174
410 609
810 786
887 41
793 394
591 697
792 640
670 839
868 363
163 951
537 745
613 224
877 863
254 464
695 859
702 620
924 433
538 501
166 931
528 935
422 545
91 245
781 921
747 164
111 138
67 363
345 224
104 87
167 696
22 227
253 429
191 500
118 442
184 295
432 244
868 704
629 236
367 161
771 191
765 774
835 815
156 697
834 270
142 3
418 355
674 658
287 528
595 687
879 130
11 861
818 641
686 90
428 325
236 968
120 763
342 743
690 307
133 326
499 856
97 687
508 474
974 222
414 470
146 733
151 965
692 652
796 902
854 867
883 126
127 84
942 249
259 117
522 472
312 936
998 985
336 611
122 184
157 173
570 464
430 947
744 793
813 155
874 597
858 12
261 710
942 882
812 902
962 956
512 387
567 76
837 762
439 458
864 951
231 684
747 968
595 659
238 507
153 426
998 216
440 922
535 422
141 493
658 333
586 142
372 119
320 483
288 666
519 126
424 528
779 459
252 678
796 867
4 424
450 585
403 113
900 79
289 263
944 994
599 80
104 954
37 484
326 636
973 385
520 148
241 232
209 506
407 409
298 452
352 212
117 349
779 796
201 789
834 961
246 127
371 129
31 746
397 6
694 754
119 164
232 233
873 130
557 422
20 744
982 866
664 87
781 202
159 929
693 668
108 600
345 240
5 752
745 774
930 105
726 224
786 112
718 808
420 765
24 783
451 549
41 580
963 698
448 602
994 369
327 182
637 291
875 993
341 963
779 788
875 420
633 418
758 16
426 458
79 608
969 867
216 636
447 33
688 376
635 786
19 946
669 894
399 173
641 826
679 733
400 859
302 162
555 472
316 362
888 965
734 430
598 128
842 392
290 450
373 857
494 541
412 259
646 19
91 480
848 323
885 319
304 630
607 203
295 669
78 188
562 858
90 418
25 937
261 756
212 815
332 638
165 162
374 989
711 441
307 862
360 1
846 548
936 961
796 516
512 249
40 531
930 110
197 511
23 442
719 823
467 118
512 264
19 218
813 451
14 829
266 889
381 550
648 119
139 823
222 160
985 690
580 17
580 511
284 708
376 143
32 873
545 710
590 664
986 651
316 111
162 734
18 810
484 195
200 541
979 414
20 895
488 491
183 595
481 999
869 808
535 676
819 13
885 902
879 334
955 3
472 113
743 139
830 503
240 72
651 765
588 848
367 593
176 888
688 770
38 315
76 181
126 140
154 184
656 948
398 727
767 430
765 789
681 193
920 303
262 197
676 717
150 622
94 244
16 298
443 521
502 237
259 425
360 42
79 379
40 79
389 916
701 420
911 318
365 797
697 75
832 898
307 778
175 469
764 798
764 904
583 417
251 160
92 994
938 544
943 426
766 438
304 961
513 463
699 62
533 762
172 140
86 711
959 803
451 889
751 260
682 684
268 546
533 188
836 756
871 829
54 839
962 630
564 734
313 775
518 289
31 202
317 697
541 201
244 852
301 620
680 918
391 35
848 762
406 679
223 807
804 948
958 122
506 930
368 503
674 564
756 754
318 827
567 198
468 204
382 711
411 315
853 968
878 950
428 550
549 843
689 85
829 725
514 456
338 779
723 9
129 921
508 641
409 341
262 728
993 918
603 734
996 102
542 903
938 983
158 96
296 684
358 875
593 185
895 454
625 443
897 132
774 629
201 734
325 195
867 391
342 59
727 827
956 187
173 815
91 57
486 680
402 16
796 560
497 127
20 873
299 730
106 724
703 578
128 324
336 908
543 457
688 454
711 695
934 876
845 527
2 480
933 368
220 85
72 329
576 48
622 441
926 951
695 564
576 142
834 408
214 148
761 262
40 767
184 742
259 434
48 77
937 750
831 878
380 407
341 348
458 446
181 733
4 389
559 847
928 523
834 120
335 277
555 706
968 712
129 60
469 722
928 100
42 342
60 44
839 377
872 708
887 583
303 837
608 914
958 149
50 398
319 915
2 346
624 446
598 374
593 776
742 688
996 240
200 414
864 507
155 729
475 658
434 833
259 80
33 155
793 732
591 686
939 314
547 623
57 189
302 51
414 271
369 133
771 298
602 526
638 743
268 888
738 598
731 783
801 298
373 758
827 104
572 515
372 514
825 839
728 714
909 938
869 690
308 667
14 454
774 293
607 296
872 37
784 219
325 561
556 247
954 977
617 522
605 951
920 728
896 935
131 490
597 103
154 770
995 226
470 985
319 858
24 219
279 173
747 586
578 128
57 110
73 339
400 503
163 456
145 346
802 715
611 374
199 516
491 353
31 531
575 367
175 755
814 416
387 454
267 92
62 642
363 694
531 138
288 30
657 936
840 578
658 251
147 333
614 820
550 80
732 858
627 445
724 518
322 479
841 750
790 122
889 731
673 266
784 189
412 734
594 30
789 176
365 192
180 632
892 377
678 77
737 838
750 403
888 40
601 746
806 934
103 314
737 676
925 74
275 798
652 854
15 831
280 655
415 334
377 955
500 465
829 225
155 347
883 490
253 447
54 51
489 882
42 763
826 804
365 559
923 988
566 714
24 504
120 666
761 8
22 626
615 810
530 343
493 44
413 570
503 622
996 437
437 400
72 336
370 997
236 388
832 179
839 822
981 595
309 112
805 281
729 540
225 327
109 182
521 414
368 274
619 25
281 199
133 676
797 900
92 899
997 962
554 780
613 632
844 726
654 466
827 471
475 442
598 801
791 310
155 838
219 547
671 880
3 546
804 456
968 181
628 698
134 574
748 500
699 180
414 825
690 559
294 418
264 354
453 434
737 552
54 715
615 91
299 964
847 819
549 748
541 742
303 238
939 340
369 169
118 849
324 357
293 401
915 845
483 375
174 548
460 194
579 274
575 141
651 374
1 212
927 57
334 854
972 833
39 791
957 345
14 155
331 372
460 546
818 26
436 578
666 566
88 879
276 228
758 440
219 606
944 875
484 667
295 968
698 791
852 393
804 951
799 263
936 876
183 669
744 272
923 33
92 11
410 663
9 677
134 711
747 591
867 204
934 422
602 136
97 547
225 7
5 709
449 232
299 64
620 723
528 267
280 628
741 672
369 970
392 666
88 951
114 985
300 108
522 496
340 37
579 832
727 807
540 332
958 989
961 31
411 538
659 939
70 486
350 786
928 350
861 225
775 688
92 563
849 623
942 254
538 715
883 540
491 675
21 50
824 773
271 265
531 597
338 144
733 111
733 327
303 525
751 927
144 625
141 949
354 220
100 965
518 253
896 483
933 237
195 945
648 872
258 511
866 166
379 513
683 678
621 365
539 721
181 885
919 750
936 366
221 677
937 945
949 289
941 997
718 65
519 706
298 961
102 628
311 706
606 16
407 214
874 661
327 867
452 493
3 661
818 337
539 596
826 525
414 51
84 534
641 971
845 4
988 595
462 2
174 632
83 254
889 82
759 899
342 737
916 567
90 958
590 203
871 790
695 570
544 484
439 834
799 120
503 352
284 693
696 5
675 833
210 157
373 883
859 51
625 541
856 887
725 993
30 842
39 32
872 85
21 988
95 219
974 520
673 5
352 38
424 453
131 737
630 633
895 160
462 150
227 258
932 661
772 111
745 719
911 717
949 202
938 143
331 485
991 544
354 573
966 349
649 398
225 872
203 116
6 90
806 270
474 403
270 365
916 10
524 349
369 424
434 508
373 132
695 24
185 447
555 566
13 893
209 279
797 511
421 139
845 786
779 900
306 753
361 212
723 880
929 589
240 784
218 603
887 658
679 537
788 580
939 18
539 906
828 281
290 763
9 550
423 277
721 255
276 114
857 12
914 18
311 370
308 147
687 482
721 933
130 416
898 590
118 941
339 423
138 13
592 898
803 257
196 742
252 87
516 264
904 999
894 114
332 740
368 412
117 207
908 463
35 122
522 42
414 587
915 948
333 168
172 102
69 388
341 388
15 432
670 715
950 144
222 921
737 561
62 140
626 521
269 469
912 644
690 65
837 196
704 714
286 903
371 201
854 90
339 144
173 114
769 454
713 188
858 327
354 841
844 8
783 703
656 936
817 717
866 141
149 805
318 371
552 312
336 863
918 27
716 703
355 230
759 654
876 132
470 57
889 119
134 646
600 876
551 390
264 569
960 740
852 331
213 745
760 339
310 370
460 480
547 810
133 430
479 88
526 372
138 743
101 675
147 130
179 563
740 576
978 574
783 754
942 718
711 791
824 955
404 530
260 761
858 470
147 547
778 253
972 499
101 153
196 474
179 444
581 104
857 417
417 837
609 459
445 740
378 946
943 860
967 970
440 825
213 724
332 205
642 375
169 897
970 789
329 434
572 646
124 553
311 975
93 352
232 36
412 315
238 371
230 454
455 258
878 983
656 734
925 373
846 524
627 7
113 639
787 585
865 916
559 751
845 655
577 301
35 32
929 538
279 263
589 638
338 451
76 72
531 619
236 531
38 513
214 659
77 593
470 913
634 377
33 606
271 859
185 28
375 286
782 518
546 816
995 31
731 343
25 653
938 745
793 721
657 497
293 412
768 951
212 667
218 761
37 845
148 413
159 423
215 924
676 868
855 44
457 976
347 661
540 7
531 532
814 141
998 653
387 962
958 981
647 152
616 947
247 385
893 967
440 211
292 76
495 727
559 324
399 873
325 695
112 605
777 250
991 679
754 47
946 933
318 354
589 107
565 310
560 946
494 253
233 109
925 346
87 370
803 761
385 422
403 796
516 434
905 582
399 965
991 901
771 257
901 416
774 545
408 767
888 351
680 92
780 785
74 434
254 280
151 875
879 997
926 560
638 512
737 505
431 522
910 524
464 814
259 223
460 509
118 416
690 538
983 772
834 948
632 688
381 384
380 869
882 942
664 154
963 898
895 471
327 25
888 441
504 999
749 86
444 578
750 203
186 786
411 757
558 298
113 560
56 842
991 436
149 939
303 868
334 967
895 27
334 293
595 839
515 614
151 530
140 386
996 674
232 479
826 372
544 590
79 872
308 212
917 404
66 473
877 337
978 330
766 444
201 920
362 854
516 77
76 297
259 882
733 852
323 895
928 528
928 320
157 139
543 793
639 9
567 301
385 675
86 121
723 382
319 385
45 82
654 513
676 498
118 863
512 545
941 965
753 517
488 608
833 89
537 336
751 507
229 531
579 771
404 445
601 762
352 174
280 950
214 255
433 774
837 718
563 68
750 417
641 109
574 8
231 103
836 659
385 782
549 520
139 709
307 888
784 184
528 1
447 979
59 589
294 68
950 925
889 398
310 438
233 769
884 457
336 498
282 488
714 737
228 304
532 802
518 285
2 520
912 933
655 242
405 489
403 533
599 322
907 211
632 67
703 691
947 739
348 197
880 758
932 298
484 899
392 518
413 605
530 691
275 548
645 260
70 792
542 524
348 925
914 734
957 654
181 890
258 632
650 706
217 48
547 503
932 494
354 38
397 721
104 119
60 905
985 556
68 32
374 228
539 568
381 148
927 867
138 588
349 65
698 270
682 376
600 620
863 391
289 328
235 594
595 292
622 990
969 686
720 67
654 504
197 893
569 507
44 677
292 20
282 306
845 734
728 973
926 332
31 680
650 681
215 415
876 123
154 849
541 838
74 801
670 646
630 132
46 134
689 659
347 682
243 865
440 570
586 350
461 149
232 678
678 441
429 797
318 883
193 959
217 795
937 857
870 810
658 912
156 602
768 999
765 298
355 462
368 443
341 164
880 644
247 102
424 522
112 126
416 108
157 356
962 203
755 759
54 611
334 499
716 343
250 566
804 580
986 476
985 262
684 102
435 393
849 468
55 741
196 131
899 932
927 353
564 946
799 989
860 729
787 567
184 264
578 71
450 14
921 952
844 509
252 883
418 130
742 121
887 75
293 981
605 262
864 64
288 493
461 692
676 861
590 46
142 627
447 769
588 525
682 448
664 972
358 150
632 682
295 273
507 573
936 87
283 458
37 215
849 782
498 243
5 235
581 906
765 171
968 882
197 164
305 529
890 35
131 306
929 652
523 129
475 204
736 235
98 878
248 413
852 790
302 534
777 866
990 621
678 269
68 840
604 329
561 89
379 263
191 489
10 500
712 620
465 680
69 679
479 766
384 259
209 703
927 509
610 2
134 191
111 836
75 422
643 667
502 884
503 164
905 851
525 32
536 517
95 172
760 505
536 872
640 376
35 619
137 157
517 366
492 428
456 581
822 119
817 784
204 373
297 780
259 632
44 886
418 906
997 850
635 466
74 343
514 319
834 902
185 30
561 418
565 2
576 857
514 411
299 768
102 626
279 53
145 138
441 804
384 948
45 640
815 38
554 935
262 379
895 38
960 205
890 238
65 769
918 534
739 422
609 274
836 378
881 257
773 177
121 104
662 925
459 916
846 144
263 271
662 239
927 368
514 452
457 873
404 291
810 495
248 397
396 80
926 433
839 316
421 936
232 936
915 109
467 677
682 807
926 712
845 121
479 23
853 25
602 317
803 839
184 880
60 646
637 320
212 86
959 479
331 965
756 666
546 985
578 547
320 281
81 583
891 758
169 993
379 255
999 490
487 343
651 342
575 257
444 9
839 905
446 19
936 895
142 300
349 663
154 778
662 969
618 660
911 447
343 902
400 740
996 625
10 624
558 14
178 344
173 923
170 830
878 485
687 561
337 605
472 171
376 553
435 725
540 804
350 54
696 657
749 79
387 773
518 363
506 921
883 899
721 826
532 823
643 12
516 106
881 784
49 253
744 516
459 806
92 845
135 194
519 64
558 518
969 483
22 401
629 184
817 445
603 994
560 237
12 976
202 868
99 427
173 235
674 653
123 487
450 606
329 557
171 498
939 896
146 570
778 942
419 597
286 910
763 634
128 421
475 640
794 395
172 868
429 629
430 735
72 308
26 835
748 151
963 372
871 10
591 186
729 967
417 631
926 831
762 111
800 641
241 288
113 897
350 2
335 622
439 607
221 587
470 396
870 617
262 779
259 866
943 893
816 161
729 994
790 2
424 701
748 839
405 471
203 898
841 257
748 680
969 54
333 222
668 674
675 215
460 377
281 502
715 992
3 657
407 177
32 562
670 791
217 298
749 719
339 724
506 836
682 23
994 612
26 88
449 989
872 986
488 578
808 855
830 180
18 535
312 711
30 299
224 589
713 716
385 112
794 846
717 362
796 303
105 669
49 704
730 939
129 260
25 909
272 449
78 620
99 369
761 517
524 230
682 308
186 71
452 717
629 622
627 489
108 149
375 574
839 65
301 333
481 686
434 100
323 340
735 733
673 352
956 792
26 414
511 37
764 225
194 947
430 306
63 382
224 374
557 666
872 370
546 755
72 106
963 289
371 2
185 640
553 783
952 32
660 777
974 657
970 68
621 98
668 825
215 68
750 105
832 722
58 243
360 761
509 451
367 546
445 977
302 6
547 659
242 210
312 654
128 202
93 539
125 669
46 944
36 526
338 651
171 194
657 489
453 45
139 99
898 248
64 152
96 936
593 965
28 987
852 158
639 663
611 436
231 597
23 928
800 670
31 667
157 898
370 801
686 699
738 541
564 678
870 253
189 112
591 257
729 762
643 160
847 860
920 209
819 387
871 204
123 221
647 647
253 413
622 477
456 545
705 439
26 279
652 431
800 785
307 720
188 890
966 982
250 833
791 639
207 375
621 178
792 364
517 404
707 948
95 94
242 155
467 751
90 253
753 748
722 890
819 391
132 453
64 712
862 88
453 787
432 403
678 6
787 318
169 519
397 629
123 671
31 997
597 588
32 220
428 680
246 381
541 781
37 144
319 625
871 216
79 561
193 77
576 468
435 992
654 811
371 969
131 503
235 863
411 824
544 296
639 603
442 863
647 331
475 906
764 678
612 523
994 837
60 900
736 457
690 916
642 736
717 164
293 212
15 193
664 272
500 613
470 599
449 449
196 266
601 335
111 633
961 707
200 850
225 703
995 432
619 814
920 398
344 722
203 598
298 432
636 125
438 695
513 701
625 577
666 152
933 126
664 142
926 404
259 935
183 452
166 502
184 451
231 607
42 23
157 777
974 740
263 452
391 86
805 392
518 617
284 705
872 878
746 688
736 821
705 39
126 717
849 410
757 284
511 71
792 731
386 121
372 440
979 514
986 919
762 940
30 394
738 724
450 404
395 212
982 221
452 607
295 22
833 105
75 507
428 774
770 20
823 764
443 663
891 881
4 647
582 966
573 5
96 512
461 911
778 539
536 986
923 694
272 132
744 326
453 322
656 393
524 149
803 568
999 616
805 956
53 451
894 927
577 902
687 555
689 260
517 493
307 373
689 409
345 833
267 717
265 138
911 793
81 889
843 965
457 907
526 883
326 214
839 500
549 509
282 975
699 60
799 963
132 951
294 59
305 205
550 192
401 893
987 134
438 155
265 588
881 746
300 595
866 124
641 737
856 314
929 729
370 334
428 423
351 871
968 324
459 776
894 217
150 405
442 964
915 990
38 933
622 357
566 469
356 969
33 914
638 690
814 438
23 763
912 115
371 388
376 136
603 483
532 745
6 473
900 300
415 42
418 881
699 603
409 387
800 167
260 709
779 126
587 208
939 173
415 268
654 754
987 573
947 49
756 425
972 595
230 979
495 429
201 526
926 774
839 92
793 17
391 668
529 18
883 331
794 632
584 484
803 548
442 229
100 528
979 607
731 417
132 470
392 157
812 335
488 606
57 243
73 359
866 569
166 530
144 820
577 866
667 668
292 635
174 167
45 158
584 832
305 264
556 174
949 225
962 352
132 825
579 84
950 76
595 332
559 882
11 812
62 422
213 245
271 496
56 11
19 682
147 875
359 216
9 282
748 949
824 911
163 771
414 315
294 108
479 752
845 994
148 480
511 814
53 104
170 746
509 798
858 246
949 619
314 444
892 620
967 600
961 85
917 465
34 915
997 547
558 94
490 328
333 728
498 245
166 871
391 14
89 716
179 267
632 892
595 888
281 186
925 559
638 322
543 983
181 233
277 550
868 631
18 186
862 813
832 412
886 650
707 175
470 418
501 175
100 872
392 770
586 58
3 493
343 12
112 2
113 645
86 500
270 635
974 364
617 478
334 248
65 725
861 937
725 352
201 691
359 511
76 898
459 456
968 648
459 244
340 203
267 664
570 730
925 127
231 515
271 200
440 914
155 181
413 597
282 698
805 222
570 460
148 76
419 984
484 897
775 70
293 555
99 352
265 217
734 114
268 27
360 679
689 418
546 99
372 787
636 919
72 916
241 306
415 82
691 872
572 250
575 564
656 979
542 665
375 89
203 152
507 222
878 295
372 861
969 230
859 310
149 240
346 96
506 116
515 698
317 956
794 602
940 558
27 257
236 103
712 589
223 196
312 109
416 691
192 852
220 479
302 938
516 68
650 559
785 171
557 183
552 288
623 878
433 572
170 171
533 91
88 147
64 77
659 828
207 328
127 741
802 648
221 210
995 746
357 167
142 261
148 989
354 195
817 959
248 914
423 104
742 803
785 404
664 680
995 74
973 974
353 919
387 416
322 19
58 927
201 665
395 199
221 525
192 954
621 742
15 323
809 365
4 795
123 634
194 522
986 278
861 361
555 104
815 425
925 304
267 243
646 722
287 79
377 951
123 61
747 434
273 53
944 816
347 842
565 140
975 141
542 524
407 818
150 562
262 10
866 608
551 801
536 619
114 691
719 937
516 338
136 653
497 478
26 886
110 483
246 693
321 507
166 90
78 598
772 630
904 257
543 542
111 541
289 215
946 844
125 861
411 842
603 841
178 687
242 544
450 933
935 14
181 667
461 954
153 258
719 730
608 606
300 382
280 291
26 961
9 836
647 895
868 435
772 979
738 191
710 780
655 29
531 479
753 758
75 479
407 736
390 663
99 42
850 857
527 123
586 55
798 734
823 977
65 322
458 451
379 799
51 325
530 569
7 258
275 559
696 403
392 530
348 924
487 694
686 752
601 93
918 512
749 872
172 532
977 945
475 877
148 624
145 554
901 148
365 82
873 855
256 718
924 131
868 622
507 250
494 350
918 973
704 333
459 349
116 192
520 107
424 344
405 264
842 56
524 869
320 790
830 275
835 412
168 7
239 843
489 985
66 535
34 278
400 205
747 751
636 269
431 243
187 18
531 264
802 869
858 6
292 67
308 986
35 711
459 975
664 416
397 306
466 451
742 152
288 390
623 512
592 129
409 363
732 510
686 670
267 136
613 794
646 750
219 274
94 913
767 476
54 385
310 459
877 706
855 737
531 945
548 331
233 120
730 947
355 648
949 220
342 349
171 204
615 380
395 112
737 259
898 484
790 712
536 890
300 26
227 545
196 835
595 924
661 148
27 716
760 425
488 691
639 993
254 774
706 247
972 829
269 551
935 140
240 684
909 997
798 794
297 544
254 845
414 337
452 243
42 733
881 517
907 785
625 901
532 471
891 106
796 834
190 931
145 326
763 265
366 326
60 404
794 271
794 356
348 161
757 12
928 67
665 181
939 315
275 851
291 61
893 922
211 834
252 221
791 985
400 468
552 180
744 636
446 966
172 215
655 828
543 242
793 639
819 526
501 814
344 790
290 807
371 397
388 619
720 507
218 134
790 881
119 171
681 454
453 841
61 889
726 417
78 686
928 79
727 860
385 169
513 88
299 348
368 391
529 318
514 631
474 534
903 819
989 11
6 294
959 294
364 667
969 445
771 15
46 880
161 981
532 380
503 904
201 98
722 20
835 790
407 310
36 700
462 328
983 138
120 677
938 530
697 229
422 260
412 215
941 650
135 711
658 798
873 634
346 986
948 534
877 764
293 131
869 820
781 438
977 967
616 126
485 605
793 280
231 286
543 363
484 917
615 152
495 223
583 379
268 335
476 558
258 22
661 459
811 571
86 854
791 709
961 19
457 118
399 24
684 741
767 278
103 858
349 306
393 277
739 211
41 605
509 161
79 126
258 165
960 210
392 82
862 527
951 532
123 313
712 976
44 461
451 692
987 857
672 196
792 748
523 31
943 900
891 888
704 20
824 724
655 965
96 195
563 587
436 260
153 13
219 373
677 288
789 267
924 474
936 405
626 582
779 789
154 198
675 489
6 302
392 62
590 366
311 942
921 867
295 109
464 680
757 752
599 111
382 150
888 857
390 894
135 700
606 844
276 307
249 120
781 48
642 228
759 670
644 979
307 833
465 535
596 952
654 502
428 894
946 597
600 709
325 884
400 947
52 660
951 666
328 774
885 668
164 756
873 701
300 500
157 532
724 341
332 711
767 897
639 514
805 805
768 616
885 919
604 883
266 878
952 225
231 502
423 270
443 952
784 701
186 980
868 243
437 54
701 996
836 586
954 988
844 107
865 266
312 161
580 607
358 753
24 328
281 417
46 320
773 544
402 906
861 45
570 63
660 649
693 417
374 237
918 857
203 519
928 717
381 513
166 977
852 365
146 454
272 832
877 88
520 945
508 204
250 143
26 387
873 792
133 3
687 100
915 383
804 496
217 106
442 588
251 794
376 992
420 500
312 195
436 839
909 618
963 393
678 570
823 510
36 653
445 484
510 890
354 199
333 352
185 503
145 388
972 717
889 184
247 965
579 88
745 148
485 116
927 777
938 82
259 840
197 871
735 294
890 523
937 915
127 211
463 401
215 560
533 387
709 301
538 433
168 246
786 535
335 9
628 480
823 257
313 296
683 83
690 586
194 385
941 347
674 781
199 529
629 22
906 945
543 519
323 671
799 108
412 90
459 417
246 290
460 859
47 533
138 304
433 24
941 801
263 839
881 377
16 242
712 227
546 130
535 913
381 596
933 332
975 53
946 441
635 924
451 852
838 426
836 607
171 128
599 528
109 620
604 773
701 352
997 674
844 284
490 181
739 532
889 381
47 751
255 114
344 882
216 777
116 163
871 411
231 982
274 941
947 362
765 400
269 344
176 752
373 598
498 736
139 437
310 212
533 447
809 859
687 368
900 873
477 719
73 716
51 558
690 352
81 266
529 866
815 689
961 804
170 514
835 236
738 167
933 680
796 142
582 472
2 320
798 563
402 991
183 485
494 545
787 616
725 583
73 553
216 206
586 983
997 243
212 615
444 205
659 567
681 192
985 779
805 185
618 673
633 49
673 826
411 400
772 496
494 116
598 693
871 188
680 814
136 164
448 624
931 901
374 90
828 206
3 23
181 352
719 933
19 542
251 159
978 610
453 595
412 526
703 414
334 620
232 629
523 327
509 509
167 174
838 93
851 533
404 882
375 825
47 162
231 192
275 993
373 187
889 725
140 132
483 578
319 180
816 716
905 264
70 642
255 599
356 16
939 720
569 751
137 741
477 541
258 780
246 828
457 526
826 831
851 358
510 675
730 933
389 247
870 653
552 603
253 503
640 674
858 14
270 78
480 963
886 420
926 966
269 539
353 675
372 971
675 421
844 510
242 974
741 92
332 692
659 685
383 86
424 853
64 849
899 655
839 421
18 520
105 715
155 618
216 91
867 391
869 350
859 438
517 84
149 992
583 862
959 969
257 386
759 118
693 846
620 338
395 274
540 362
675 439
770 375
477 904
952 377
855 699
866 961
576 560
240 369
205 707
905 36
181 395
718 11
77 66
155 888
113 7
59 859
663 876
430 393
623 933
84 143
525 197
200 423
977 288
467 929
691 665
22 726
806 800
800 257
752 726
824 733
934 318
270 497
848 143
34 268
728 575
417 671
298 745
346 869
760 593
342 617
969 633
291 166
638 567
433 633
294 518
349 150
314 534
312 737
8 749
431 728
833 780
632 587
576 789
555 299
462 368
916 765
497 998
441 584
397 612
146 338
917 139
478 496
285 288
26 205
794 686
260 233
466 795
499 656
811 347
169 121
584 195
388 97
462 908
616 840
12 780
49 273
54 294
311 588
886 852
404 579
738 650
629 503
873 12
240 459
6 279
724 834
476 238
461 361
841 598
793 121
406 648
24 343
963 241
405 450
924 361
505 356
166 798
938 261
666 86
823 2
290 444
751 756
633 759
614 15
138 411
155 280
776 482
792 966
726 755
751 406
747 984
769 832
84 432
8 252
975 6
620 145
459 61
825 897
817 122
874 877
463 261
968 963
680 404
556 728
587 726
62 595
900 453
993 473
22 342
685 860
881 335
287 708
684 868
866 179
307 427
489 250
279 919
616 73
736 588
110 630
625 361
138 292
297 554
982 533
287 16
70 492
455 240
145 873
518 998
574 290
772 651
810 169
574 310
499 631
978 160
527 347
867 831
767 989
78 991
517 292
55 188
92 367
859 696
756 76
701 128
428 690
651 297
832 553
1 421
990 894
988 302
734 832
736 34
666 709
432 799
415 351
825 202
275 815
222 10
811 7
117 343
670 380
895 813
978 666
814 530
621 970
865 963
536 810
288 751
272 492
149 845
914 417
175 524
462 464
951 231
574 679
69 994
508 459
485 711
848 759
527 335
341 970
535 526
481 35
189 109
485 155
333 610
616 305
635 830
99 212
581 801
808 93
272 70
811 173
321 838
772 455
391 775
628 75
222 741
578 212
743 719
287 420
444 550
186 72
768 141
152 169
580 495
1 129
868 769
28 854
746 540
648 472
935 675
324 753
535 252
147 402
22 618
416 659
76 817
575 644
157 658
329 339
429 890
287 895
878 116
293 922
524 810
483 88
355 188
856 121
164 153
82 987
927 709
558 397
192 978
8 339
253 460
49 767
389 382
617 316
385 519
347 363
464 171
481 214
323 591
344 742
288 607
586 453
482 355
348 378
453 719
359 9
975 342
279 653
423 419
151 774
201 353
978 591
467 601
636 813
934 148
906 465
551 110
387 695
819 272
116 274
519 498
22 962
884 127
788 611
667 755
158 931
533 327
905 30
60 77
302 640
750 62
673 287
245 643
142 692
330 859
207 692
284 853
421 261
436 834
229 65
242 150
997 910
685 526
218 69
257 520
264 863
246 791
20 308
289 532
468 110
547 100
809 766
218 835
30 792
321 532
117 86
553 282
539 796
937 224
604 445
490 793
909 471
707 12
507 521
242 413
983 738
363 40
113 493
369 697
294 39
180 433
11 827
53 361
441 966
953 734
55 809
495 85
998 642
297 900
415 627
529 870
315 90
695 750
499 865
638 601
349 538
854 731
850 86
347 662
568 933
415 197
748 892
226 394
125 967
193 352
932 350
547 323
982 291
122 915
379 918
594 928
503 897
65 336
347 519
88 759
308 940
731 600
579 132
459 790
18 991
302 84
361 927
735 896
436 745
183 664
500 859
372 193
837 309
397 476
704 971
412 618
193 932
22 922
123 59
728 547
30 141
417 755
352 590
531 113
305 508
761 498
332 369
544 8
359 315
259 473
3 552
324 596
201 762
588 609
660 257
643 90
199 374
646 658
24 516
721 787
200 59
51 410
543 72
555 166
787 203
856 664
478 313
548 690
282 489
715 994
634 650
460 704
130 339
37 146
518 511
721 540
641 195
195 314
897 588
725 31
255 856
221 217
927 334
504 557
863 254
265 168
449 236
364 239
404 293
524 561
314 127
847 594
641 70
904 577
749 77
295 715
567 999
890 663
781 873
57 525
456 655
788 479
773 870
954 498
326 120
160 446
321 59
795 806
397 86
952 62
830 334
608 815
121 536
589 58
81 658
448 827
985 102
329 965
20 360
852 364
601 961
114 249
160 728
44 732
512 263
657 252
62 12
668 634
902 48
157 82
712 100
399 244
936 997
904 165
511 323
9 912
650 809
348 833
782 888
659 899
875 615
541 710
920 576
116 956
534 68
646 597
691 779
747 149
958 63
923 797
858 536
222 206
691 186
812 557
215 898
226 542
388 641
196 486
413 11
368 270
578 270
449 401
226 612
234 501
186 866
392 236
735 422
227 78
662 105
640 717
444 640
912 90
21 321
267 645
59 233
163 394
644 447
420 635
704 844
725 185
356 621
154 811
351 290
233 101
121 832
568 522
961 719
588 317
721 772
828 407
343 478
994 860
630 360
448 88
843 655
752 981
880 983
142 676
659 769
691 324
905 390
302 407
47 885
128 710
583 891
350 547
707 122
956 951
156 255
972 794
125 69
566 911
975 18
333 514
579 927
931 307
794 478
774 709
109 302
40 46
360 767
22 329
352 46
539 723
621 393
934 326
127 913
907 61
364 442
335 535
793 231
290 684
551 460
843 780
178 273
988 629
947 653
966 133
870 182
546 382
639 603
425 581
199 924
859 894
152 329
370 338
576 165
509 951
958 7
204 440
713 41
183 353
110 621
299 812
493 607
805 927
167 263
912 172
577 297
413 947
964 492
460 708
458 487
826 746
796 857
58 977
474 16
772 744
947 33
80 220
635 942
100 25
353 117
922 234
436 693
239 421
537 854
170 516
845 692
912 78
860 978
779 552
256 173
45 899
430 748
50 843
192 185
203 27
707 307
186 643
225 295
366 83
777 388
922 807
389 697
443 722
358 916
342 472
966 628
381 126
966 113
558 485
589 174
331 929
720 118
326 366
960 499
836 634
539 638
698 492
456 361
139 867
803 156
624 880
278 666
949 102
423 43
936 49
715 530
729 602
566 467
841 838
752 789
23 281
99 115
947 653
293 331
168 306
245 449
849 703
550 632
718 303
356 733
703 231
937 168
529 502
774 31
912 954
230 607
888 161
654 927
837 230
313 802
712 847
944 59
474 391
664 370
506 962
76 642
522 103
535 263
38 778
480 635
113 106
591 40
375 463
732 606
193 759
419 33
105 274
651 451
337 985
717 727
113 277
618 737
746 612
830 907
395 458
100 699
769 942
330 33
969 216
443 328
393 894
403 510
864 196
427 811
225 200
986 701
318 778
565 262
49 465
415 639
472 462
34 229
23 152
831 330
725 410
755 875
832 923
635 942
436 373
708 276
601 917
474 220
628 944
636 343
772 400
214 222
812 720
321 268
956 384
767 861
963 305
789 901
327 331
794 542
165 545
45 155
713 831
797 243
558 929
183 68
917 911
744 967
359 70
948 809
739 201
565 495
330 357
75 396
540 441
568 521
196 790
416 40
116 66
307 201
925 435
694 107
235 107
316 567
611 443
692 284
460 212
412 418
824 835
415 80
61 113
545 423
884 284
451 885
953 154
56 217
618 805
274 477
553 24
174 464
992 12
156 18
257 916
580 565
374 973
317 821
570 355
596 145
100 718
806 291
891 940
918 838
430 225
585 370
817 695
151 764
103 869
810 700
961 729
141 157
489 852
389 401
248 980
965 730
977 20
570 561
669 718
221 246
561 110
889 377
423 24
509 982
38 558
110 732
492 656
53 222
518 862
164 716
121 59
722 932
261 134
282 435
395 770
799 181
861 314
294 504
848 172
405 959
480 456
627 236
22 478
209 382
737 975
796 45
167 228
556 228
448 990
458 647
660 546
584 494
676 159
993 55
911 787
151 482
953 743
490 260
828 483
282 116
912 74
746 643
812 165
258 404
972 778
912 295
285 36
478 970
29 384
508 946
599 569
855 888
937 345
24 14
375 559
84 740
494 103
161 611
900 162
986 887
346 750
876 945
185 556
228 541
719 804
227 29
840 422
345 25
50 41
68 196
848 656
878 799
989 723
958 459
749 439
45 653
288 635
275 932
768 271
293 786
582 838
266 616
617 212
993 324
963 179
403 66
287 948
717 616
676 303
566 440
451 713
539 672
464 905
915 349
712 7
710 706
136 117
920 588
276 445
778 335
682 141
934 922
945 399
78 951
159 11
201 371
876 487
569 74
940 893
57 26
701 285
736 266
510 734
738 763
614 484
329 163
458 782
477 924
347 971
595 779
946 21
416 557
133 7
638 374
43 145
341 383
731 393
733 593
132 316
926 657
192 22
679 798
166 816
999 883
537 120
619 374
520 985
951 312
95 104
358 914
891 66
39 305
513 398
549 388
528 702
403 847
552 730
733 448
732 451
49 513
781 480
815 836
108 975
672 257
423 106
114 718
902 405
72 806
198 334
337 490
498 742
861 759
694 200
167 843
776 657
94 74
49 270
581 910
16 15
666 492
874 234
210 477
820 524
5 346
236 400
872 322
954 989
983 394
530 596
610 732
634 514
920 287
589 44
274 53
556 26
331 732
26 716
123 96
11 513
254 995
342 533
656 821
982 90
698 50
543 41
936 554
979 41
587 626
889 472
65 988
56 154
344 163
307 911
179 242
67 955
168 39
3 433
94 452
57 879
946 342
331 69
607 134
212 460
870 642
350 954
466 610
180 812
788 782
853 373
841 116
617 234
300 447
285 693
402 859
462 973
357 748
300 707
679 245
307 744
413 964
300 733
684 693
83 113
545 608
775 612
480 732
808 221
740 144
23 184
375 831
194 844
356 437
843 783
674 448
588 316
157 983
637 746
226 213
175 577
860 358
442 979
743 602
996 830
991 991
837 656
508 896
382 81
722 361
830 661
297 124
873 868
498 452
553 234
221 301
868 138
866 162
868 145
122 865
340 720
397 723
524 392
377 514
938 877
43 536
841 739
623 246
741 886
151 80
50 446
720 911
33 416
530 137
644 71
448 758
715 715
498 106
442 886
367 910
639 924
116 945
935 749
611 954
433 332
422 63
317 147
511 396
370 20
571 302
762 50
253 351
955 974
95 738
639 549
854 675
192 643
323 368
480 255
508 564
604 693
690 738
780 132
888 430
73 635
343 145
144 227
517 986
196 966
473 180
95 650
433 553
848 459
521 288
696 626
10 944
211 874
193 668
191 351
705 629
194 120
47 175
272 407
189 209
581 731
800 502
421 939
448 809
169 469
956 317
291 643
360 117
707 641
807 811
971 330
741 461
224 214
221 869
198 195
302 278
438 692
444 986
240 658
693 144
836 4
209 37
316 876
46 827
186 812
583 807
247 780
42 104
94 974
176 675
355 319
320 246
958 254
288 946
895 237
204 604
391 627
268 310
501 296
419 553
565 573
568 282
674 612
631 210
871 131
508 641
83 539
49 669
942 239
392 254
625 112
806 861
346 154
419 787
487 924
363 758
771 923
567 832
271 212
376 383
297 535
646 880
26 492
328 530
861 906
272 123
355 446
453 619
78 360
606 320
760 297
639 920
638 886
477 89
15 637
226 661
498 137
25 249
538 85
227 745
703 944
946 630
179 276
229 627
954 493
382 433
6 970
851 842
252 907
250 888
135 568
205 79
866 720
69 212
20 656
160 516
479 131
549 924
85 195
628 158
843 50
257 392
291 204
337 832
402 307
558 364
339 627
769 480
811 699
170 473
793 753
988 377
799 496
922 12
49 73
627 805
523 325
147 637
447 791
977 172
812 734
501 739
480 474
109 194
636 374
407 820
904 263
584 731
26 803
498 277
61 779
132 73
89 168
426 269
486 500
290 787
637 207
149 699
732 648
519 333
403 633
761 139
475 334
925 310
194 29
373 590
637 536
488 291
48 165
770 385
794 157
719 387
554 155
585 505
328 883
174 781
909 48
321 2
285 181
314 543
560 670
627 761
930 829
388 830
939 313
967 364
261 288
937 834
604 572
606 558
453 327
353 221
291 729
184 889
710 726
698 102
413 897
861 161
164 142
950 591
932 642
197 642
70 520
382 272
648 684
184 386
609 806
551 614
145 539
337 679
273 924
695 682
990 838
387 621
821 976
502 366
71 458
437 223
317 430
716 62
217 10
560 729
55 259
74 598
706 899
219 568
442 656
300 789
776 446
817 258
835 361
315 156
225 436
852 986
783 156
668 11
332 141
255 262
983 902
68 223
342 220
642 914
916 350
299 392
53 988
752 68
898 728
85 854
82 549
463 785
984 250
840 165
509 215
940 517
392 273
348 830
696 880
921 185
20 760
981 632
846 47
317 751
8 790
83 8
249 372
541 972
287 563
357 375
744 836
534 673
683 981
414 735
817 945
86 341
864 714
167 937
938 736
511 438
660 842
385 362
34 386
933 697
908 331
516 777
325 145
895 936
941 612
740 635
583 530
801 724
566 435
784 354
926 635
21 447
846 747
211 640
126 290
139 402
660 701
631 594
369 14
350 806
357 952
92 694
114 727
800 392
542 81
738 409
110 433
62 426
106 338
858 57
477 573
716 901
195 379
730 201
118 52
450 811
937 353
478 189
953 478
861 743
94 991
116 488
869 873
352 786
738 863
229 645
419 93
143 592
174 909
980 648
786 983
771 263
768 789
386 601
595 524
901 827
966 201
948 456
481 657
976 623
452 395
51 802
955 769
689 53
475 987
313 800
896 86
840 464
180 994
691 366
862 111
224 594
130 503
280 219
208 261
71 736
709 789
418 755
20 665
735 446
471 498
905 679
854 8
827 139
259 217
64 576
194 564
81 993
186 651
426 285
33 527
877 608
821 982
785 612
80 931
30 917
747 697
234 417
368 458
682 389
387 388
262 264
39 161
680 616
45 533
788 812
609 685
61 622
537 493
731 126
967 978
396 386
1 814
230 75
752 590
591 997
262 991
141 616
548 208
976 394
2 704
654 432
939 835
632 712
39 237
449 164
423 16
256 823
19 50
276 101
317 246
620 826
52 806
785 651
241 464
218 877
460 751
734 276
965 641
963 437
565 716
183 967
282 352
183 615
182 197
556 915
620 995
822 320
486 63
59 471
294 705
393 801
537 685
864 123
953 81
336 598
674 448
456 31
288 989
380 472
982 377
245 881
222 918
215 217
908 937
307 845
206 458
795 794
54 730
83 337
232 847
190 160
826 669
380 982
465 997
50 366
929 227
292 244
949 66
6 497
739 900
680 66
530 241
1 795
712 861
176 903
557 280
844 391
536 719
164 88
665 777
267 275
32 841
432 326
70 257
153 650
101 309
458 196
404 12
421 195
144 745
208 675
471 825
773 715
788 860
63 183
66 335
421 16
198 171
856 749
511 373
433 265
324 792
782 303
772 201
732 441
522 526
772 678
659 147
16 491
542 743
943 852
62 919
158 699
747 935
767 647
792 253
367 41
431 155
906 713
385 46
242 413
435 943
617 705
720 980
381 169
368 306
319 431
719 835
6 445
687 764
3 900
853 317
364 529
17 536
100 270
159 791
295 783
603 252
865 298
459 42
8 709
121 394
332 258
271 210
95 982
960 117
189 652
231 643
488 871
925 405
769 57
756 297
805 667
191 648
727 320
198 64
893 300
123 492
177 920
403 122
391 624
275 317
984 356
94 724
201 481
4 808
814 862
580 413
832 88
923 292
937 650
279 617
885 755
348 197
585 280
448 17
916 829
606 675
725 96
437 442
608 230
271 935
302 977
149 944
418 379
595 653
484 161
390 918
518 70
21 128
460 681
390 539
703 926
130 53
349 710
29 654
99 215
13 332
486 600
441 467
861 372
814 380
958 473
862 448
202 128
961 453
863 700
981 645
996 838
256 946
690 731
961 951
459 663
167 729
783 470
246 224
828 127
336 188
868 807
811 522
329 829
195 91
905 113
27 693
956 229
215 4
707 470
39 389
706 750
831 746
44 264
614 62
330 169
849 6
898 478
942 852
447 420
469 441
552 269
968 273
760 520
674 919
521 706
520 186
409 765
551 623
937 652
270 65
476 673
952 655
589 480
199 241
543 246
927 41
63 835
156 914
43 869
261 753
404 657
999 598
956 33
370 581
899 22
871 218
146 929
695 472
421 36
952 231
483 449
57 70
24 38
564 27
31 349
65 863
351 957
849 17
147 830
494 511
923 366
695 7
280 515
621 271
894 442
476 672
366 57
497 974
814 216
854 699
151 135
348 134
987 341
278 518
520 927
187 336
896 243
122 968
776 771
550 127
836 656
261 774
589 779
647 318
987 378
938 788
905 196
16 821
91 277
781 734
381 52
494 606
169 594
680 150
896 472
538 607
70 127
844 458
208 256
862 116
484 455
244 987
545 613
596 5
498 338
454 906
467 338
57 471
477 558
225 61
663 498
687 9
873 622
112 645
365 906
140 530
685 524
95 741
731 818
118 559
645 890
726 314
370 356
588 12
189 606
774 966
414 92
947 65
998 641
220 680
794 20
278 852
927 21
758 111
145 592
866 402
534 622
616 166
276 302
932 76
676 390
101 893
210 730
462 483
305 487
943 151
559 100
294 216
427 132
748 142
277 85
535 390
295 147
477 918
531 380
817 171
895 862
492 145
392 10
543 90
953 402
190 815
609 974
94 546
540 870
536 6
495 415
388 297
737 559
900 241
198 337
905 455
650 106
829 492
251 320
743 969
580 759
361 239
56 98
467 164
642 617
532 815
286 444
65 260
128 478
145 684
882 27
302 825
40 260
317 859
570 664
670 685
778 843
40 110
808 654
104 626
447 259
361 178
741 549
330 524
251 307
799 840
419 243
939 681
652 774
886 950
396 767
532 276
102 102
432 941
281 797
780 971
131 632
555 750
672 280
160 765
857 51
289 428
614 590
403 891
573 624
28 143
418 674
166 570
286 340
628 371
738 590
870 434
159 354
302 135
780 774
1 853
930 915
674 153
735 532
193 380
434 615
652 638
328 714
346 16
590 91
661 368
403 663
859 318
730 275
944 445
785 441
263 93
761 67
893 132
692 277
592 164
749 767
745 360
553 200
293 297
892 536
265 193
24 579
977 27
986 33
91 438
924 113
638 910
510 644
438 433
818 755
440 737
976 319
317 926
5 105
184 818
647 606
31 964
796 844
540 330
396 819
903 729
372 697
73 271
198 681
717 605
33 843
726 135
871 674
572 329
261 420
796 110
544 141
98 663
385 250
644 292
843 447
268 164
998 743
266 977
537 792
434 505
764 462
890 548
841 68
150 321
580 126
525 565
293 285
800 716
761 353
522 697
815 218
813 899
119 361
763 756
546 549
936 615
72 562
687 594
178 883
707 748
338 968
534 962
309 824
499 968
401 49
473 728
496 860
534 592
502 865
504 740
767 816
916 720
66 234
482 265
392 673
497 576
767 441
114 164
10 883
29 858
410 209
414 910
129 490
423 932
427 723
841 815
50 971
71 522
38 535
686 116
957 22
586 819
931 394
237 270
458 836
197 327
318 679
616 647
141 386
799 294
789 226
713 612
452 300
137 435
853 974
343 393
108 585
923 532
259 951
983 399
392 830
330 650
508 76
844 551
213 281
597 136
59 81
110 953
344 421
868 890
744 489
151 49
250 936
766 616
675 811
686 581
897 721
583 564
344 783
152 442
386 535
656 705
694 960
4 761
841 157
542 368
90 733
450 618
898 668
525 89
861 314
159 60
546 562
561 24
948 547
303 87
913 828
79 640
530 783
347 534
554 563
233 770
473 697
997 703
299 865
331 301
105 845
15 15
292 601
787 778
423 135
598 711
673 877
151 978
868 364
20 480
386 389
697 365
888 498
788 701
794 565
532 63
218 23
665 321
979 106
811 981
270 42
908 132
230 742
495 972
620 389
212 945
284 612
368 936
669 470
670 309
114 713
749 943
506 934
585 131
360 36
299 342
864 880
365 108
377 592
890 424
290 522
697 583
978 539
37 67
786 287
417 884
258 930
119 499
471 932
808 454
329 435
384 277
246 852
303 838
846 177
185 803
640 833
451 832
624 485
461 926
867 810
136 179
859 524
518 360
394 857
340 382
169 703
903 946
15 130
303 833
467 692
479 904
5 462
213 499
177 254
691 456
923 578
622 910
65 578
347 74
82 573
83 394
714 788
793 348
916 182
419 557
96 909
11 912
488 879
379 556
425 178
214 895
595 300
920 970
413 136
544 649
206 888
597 759
275 798
432 269
408 877
390 793
42 255
980 135
78 208
984 805
900 165
752 436
757 457
159 563
891 696
613 632
798 642
140 166
726 506
375 652
31 61
440 442
187 835
548 532
182 157
526 821
884 514
647 224
189 765
633 107
689 782
554 281
252 311
986 752
57 8
459 680
414 44
464 919
780 518
718 309
519 605
267 675
48 532
262 932
518 603
421 751
508 914
192 31
174 826
470 490
745 64
437 160
263 42
304 292
434 808
804 586
252 970
307 118
561 881
904 715
323 926
857 507
208 905
499 869
360 750
900 738
108 742
444 786
950 173
59 6
356 327
148 613
834 712
528 375
960 22
41 631
258 509
524 33
278 89
685 166
685 168
71 181
218 465
798 64
873 164
200 263
31 93
882 308
276 93
372 974
613 555
690 596
857 479
296 123
100 573
60 921
660 644
552 69
488 404
845 933
496 157
328 873
731 486
926 750
430 746
194 878
118 334
187 99
395 375
390 851
516 478
86 281
278 957
709 538
259 920
895 888
599 82
178 946
945 642
699 318
509 911
258 943
691 74
143 866
542 235
940 279
931 571
944 823
398 349
518 339
546 179
894 135
715 12
877 175
786 161
772 885
219 439
912 583
345 917
521 697
7 133
244 208
819 69
284 141
521 892
744 145
584 40
282 584
21 543
139 18
349 983
920 39
241 637
590 130
50 545
928 182
980 555
486 717
305 67
420 368
771 916
974 330
681 240
642 474
620 982
540 173
780 752
723 515
786 774
500 679
604 904
289 474
898 576
902 442
683 101
222 809
583 547
9 922
548 325
808 592
245 486
733 611
691 593
552 440
880 761
979 591
740 618
791 275
572 670
691 310
556 68
417 134
299 400
423 828
141 251
853 188
207 512
32 852
530 808
325 179
879 298
972 527
951 525
650 653
134 407
126 611
869 78
992 622
832 912
448 486
169 326
264 959
563 648
433 121
70 345
812 643
473 183
231 93
992 503
333 341
705 999
4 871
842 865
200 731
600 427
893 348
614 854
248 354
168 45
841 228
519 981
84 980
593 287
228 190
465 439
775 475
24 218
775 237
853 374
468 360
271 520
163 122
765 837
216 826
693 927
365 6
130 94
429 714
119 942
955 875
46 277
145 448
813 478
327 760
517 526
118 698
426 10
158 297
826 267
700 141
445 229
827 286
56 128
178 709
21 143
68 152
329 941
602 165
178 336
259 64
263 749
441 701
902 998
101 205
705 420
474 434
943 628
352 342
266 568
774 806
465 486
820 643
740 23
226 927
635 130
617 907
194 438
24 209
435 694
320 421
551 47
178 161
459 289
32 442
520 983
882 549
489 719
484 512
433 792
516 682
595 641
468 165
891 353
716 675
101 658
3 53
92 604
66 306
140 853
272 31
27 393
327 505
515 51
774 225
374 236
170 62
707 441
133 924
603 820
531 269
943 760
77 939
118 355
419 84
30 928
358 672
865 931
654 503
100 482
789 843
184 600
733 957
285 86
247 102
295 467
571 902
202 535
242 928
696 299
494 275
724 27
262 423
570 92
729 722
990 317
192 772
543 908
143 563
841 190
400 675
681 958
879 783
975 302
976 623
88 521
947 24
116 880
136 952
559 254
176 47
775 861
56 317
544 62
861 437
339 547
966 895
247 73
775 116
48 710
493 979
865 35
259 312
213 13
389 794
755 965
843 1
124 158
337 845
817 840
513 508
43 164
231 958
419 386
424 419
91 855
598 540
81 344
224 111
253 892
584 752
172 11
376 832
241 426
716 362
126 644
800 37
801 904
657 379
980 691
242 943
338 583
578 333
273 844
57 275
7 759
505 917
29 864
237 769
825 371
320 185
772 304
988 910
227 781
728 604
422 114
138 99
138 387
190 143
277 817
785 641
525 290
150 13
197 610
541 996
211 608
948 334
956 413
922 884
695 270
841 603
84 950
399 641
450 73
337 253
75 584
468 74
402 597
335 620
255 47
975 355
239 867
940 384
457 437
203 595
853 255
467 990
604 760
643 10
153 108
710 156
624 839
442 69
444 889
198 49
825 355
765 293
600 90
419 769
920 177
202 603
440 265
127 782
63 917
71 859
59 776
607 780
904 830
953 181
300 650
215 542
911 611
205 965
518 847
24 70
582 409
152 862
883 505
517 805
767 624
907 937
603 281
350 27
915 790
412 423
704 667
732 282
214 174
679 74
314 687
99 412
901 317
508 254
694 334
728 562
873 71
70 533
471 688
744 874
736 200
834 877
153 213
147 735
919 265
956 951
663 482
54 642
587 766
653 876
935 709
984 461
445 842
191 839
206 523
685 91
480 431
101 493
172 747
490 532
580 148
943 32
671 948
670 971
144 851
536 316
459 416
282 129
783 619
626 3
247 106
320 936
672 104
478 856
104 554
93 211
827 509
51 183
772 493
726 385
919 350
567 845
836 349
487 753
364 316
27 146
778 288
169 206
427 870
910 779
43 247
93 984
193 360
933 962
726 821
12 324
708 646
587 41
525 483
783 374
390 379
395 157
513 647
999 287
148 656
212 456
192 694
83 935
379 750
609 890
220 463
366 690
994 830
898 826
455 806
987 915
794 435
495 825
881 941
373 461
457 597
825 83
440 299
114 58
885 358
919 839
980 644
89 694
674 672
223 958
938 613
768 708
307 405
935 35
985 867
251 11
255 458
532 728
882 69
934 405
380 87
45 773
171 64
570 744
453 881
897 127
554 368
944 228
604 279
58 836
286 464
916 134
144 129
302 425
558 572
989 670
78 40
106 62
901 547
789 317
140 417
442 686
639 987
176 585
753 502
298 725
682 996
622 979
181 410
579 625
972 329
801 741
679 826
34 390
884 888
354 514
600 390
726 461
382 802
247 179
262 28
279 487
976 580
225 746
772 408
716 768
479 76
969 453
591 513
266 950
887 515
361 923
554 192
800 863
376 834
573 331
356 886
308 500
347 884
672 819
304 96
644 133
654 19
86 766
464 196
469 169
227 964
904 640
522 380
47 559
380 599
270 785
376 138
293 194
309 748
22 420
201 660
822 270
690 101
854 756
345 657
519 833
194 321
443 350
336 988
438 23
389 667
664 476
368 381
420 3
62 974
954 779
926 784
151 493
987 362
558 869
930 512
292 158
450 991
802 8
671 638
61 13
443 576
99 436
278 796
218 934
416 56
606 187
586 340
936 490
137 739
757 534
841 261
724 530
60 715
231 146
313 899
532 653
312 351
57 685
788 63
603 315
241 308
415 651
845 114
415 294
337 198
346 303
842 702
260 598
901 258
888 300
469 127
341 735
86 117
607 492
306 153
445 912
746 547
840 227
970 185
849 707
52 626
299 251
844 205
964 436
336 420
612 868
406 197
169 916
67 301
855 865
112 55
835 157
728 899
677 576
380 281
400 415
333 467
744 693
751 900
252 731
207 495
265 317
700 761
314 81
543 983
64 511
621 287
652 743
970 504
36 945
223 595
205 436
43 648
546 583
893 140
597 541
304 67
505 403
24 180
394 178
285 869
767 616
329 944
702 173
421 815
859 970
585 88
267 558
214 640
807 909
944 771
620 449
45 731
815 99
108 558
761 722
548 182
690 404
445 971
461 303
949 494
728 707
416 420
130 900
969 656
715 537
98 884
849 602
211 323
42 732
552 546
981 989
94 466
645 829
313 298
642 648
695 499
107 741
603 196
790 91
725 126
589 921
61 296
412 810
607 261
68 737
203 627
597 160
157 300
812 946
39 705
846 312
696 626
210 779
76 394
557 902
969 445
457 897
6 629
647 709
594 547
916 679
29 282
806 916
57 57
770 206
230 207
989 175
357 66
263 678
794 86
536 926
929 914
454 402
50 184
47 387
973 329
648 561
90 813
144 245
33 896
274 7
891 824
69 393
739 650
889 676
853 247
966 118
112 166
587 521
272 678
31 27
324 23
102 271
499 112
885 33
246 569
946 607
265 31
397 725
992 644
5 462
673 951
547 510
605 11
509 571
564 695
106 91
584 708
414 497
442 993
984 500
611 717
877 175
858 595
203 594
802 916
486 204
942 679
135 46
689 890
564 493
868 977
350 688
551 388
603 765
901 901
994 36
481 960
347 97
229 825
707 400
902 70
946 934
851 364
776 808
529 115
981 925
780 633
500 959
656 271
227 892
175 133
207 422
518 250
389 578
42 807
127 510
640 790
105 655
426 912
43 604
12 123
343 535
433 434
229 859
202 894
18 618
161 938
158 578
822 429
993 287
624 639
771 905
677 878
233 490
512 869
779 33
633 149
796 456
129 421
940 273
748 878
664 89
920 215
502 214
704 851
172 52
81 598
206 669
883 271
213 115
264 846
109 39
992 257
268 435
219 390
782 928
796 464
701 437
185 951
929 433
22 87
469 413
139 842
213 63
952 356
85 27
544 601
526 734
32 131
163 518
897 797
928 346
943 423
442 33
522 183
435 14
403 512
767 863
181 196
589 368
84 144
777 870
404 353
523 278
913 501
119 397
639 527
45 106
649 690
817 478
158 665
875 718
877 138
807 43
393 13
462 804
29 616
304 231
335 830
284 553
638 766
67 674
128 264
753 446
203 802
813 674
302 12
16 612
835 486
222 563
646 602
342 191
26 519
813 135
916 110
535 674
508 561
90 430
728 562
401 30
707 317
435 224
171 674
831 934
216 676
137 522
375 752
714 413
372 697
343 31
229 473
141 202
339 922
107 133
751 275
564 886
495 113
132 798
853 46
958 325
112 72
631 633
673 390
260 503
580 254
311 2
59 703
630 891
174 17
53 188
517 50
733 906
305 908
490 88
589 837
225 881
835 88
27 866
37 565
77 823
745 646
682 996
296 388
636 973
833 504
948 919
382 717
720 680
978 440
188 335
943 730
964 815
585 834
647 456
875 251
716 525
149 960
832 531
126 970
193 378
884 52
682 744
634 198
814 190
557 839
552 33
557 268
799 367
185 827
176 340
907 42
989 191
390 242
281 617
2 221
288 553
771 592
60 419
56 420
444 997
220 684
865 451
485 101
325 33
48 814
604 816
291 231
710 212
468 744
429 667
502 883
324 290
419 884
564 945
462 670
705 394
266 220
912 153
596 238
711 479
102 638
295 559
718 632
293 500
708 531
995 592
137 146
359 511
847 707
49 367
847 344
239 86
503 709
775 145
617 795
768 639
104 76
926 649
642 276
214 697
275 922
634 496
128 391
718 427
270 552
79 284
122 812
109 713
312 567
987 773
464 792
136 92
645 786
176 445
834 687
619 486
799 67
283 865
301 719
259 532
614 166
127 262
949 271
247 42
271 836
158 988
815 585
637 120
283 419
475 206
880 154
717 694
641 241
470 5
846 821
270 78
926 676
796 262
293 867
181 149
369 343
80 407
430 836
905 209
200 607
903 416
987 584
224 299
258 171
183 739
724 522
574 354
841 179
835 266
570 72
236 396
526 610
630 178
773 414
589 431
407 27
1 389
651 630
327 12
815 226
795 571
313 458
816 210
499 247
479 299
105 32
611 860
678 491
426 859
441 325
452 946
677 420
461 299
156 869
877 896
884 747
530 951
599 523
107 586
870 110
677 411
700 448
545 183
327 591
71 798
524 958
333 769
512 337
356 170
562 979
912 627
56 53
368 509
875 996
756 795
271 382
261 426
284 195
55 798
737 709
366 6
987 783
275 662
61 407
863 581
59 548
687 567
537 777
997 957
373 497
718 260
999 963
468 559
493 565
104 488
646 312
678 162
331 678
462 723
728 645
819 962
416 770
902 557
775 297
970 902
212 568
533 666
19 364
888 807
294 824
443 564
213 839
767 774
427 984
579 318
472 527
236 226
777 908
759 634
754 937
490 709
799 376
10 974
873 617
477 866
527 949
875 872
435 675
743 426
814 188
964 896
55 985
252 111
504 314
786 56
210 55
28 948
348 755
65 68
492 396
128 124
449 308
127 341
865 857
708 37
725 101
497 817
937 838
721 337
646 827
27 924
466 571
173 729
620 318
728 890
650 444
435 301
321 47
521 768
399 832
454 893
382 881
271 585
167 811
69 819
740 95
969 318
39 774
201 416
107 990
337 896
708 695
802 815
983 451
250 475
832 144
772 544
977 833
540 373
684 424
778 908
446 349
191 805
267 932
567 475
382 4
85 954
528 186
145 483
354 439
862 595
182 199
329 661
631 925
872 260
215 467
886 425
440 988
684 788
45 519
305 541
645 15
22 712
109 448
109 525
293 529
738 80
997 341
476 492
278 842
719 692
104 907
63 400
87 157
631 854
165 723
127 530
658 366
994 817
591 559
81 346
653 709
745 792
898 150
997 473
836 279
309 341
493 177
810 524
281 676
526 258
969 55
253 34
633 972
228 541
52 625
981 335
990 189
910 792
130 729
571 431
46 11
559 517
551 417
411 432
353 153
474 236
920 101
696 988
876 233
451 990
91 367
94 980
656 802
335 67
264 362
710 551
703 931
927 772
584 312
156 432
875 91
476 90
356 261
447 893
173 178
427 971
553 638
166 598
281 215
458 852
439 515
694 92
321 263
11 518
510 701
217 923
770 839
715 123
325 698
257 483
55 657
973 260
164 197
515 63
903 940
138 914
412 877
814 987
586 903
421 708
67 50
12 161
643 422
834 483
747 872
688 36
365 173
229 896
926 284
545 348
443 526
430 576
228 587
330 80
845 892
273 628
303 470
817 356
326 251
161 590
335 475
903 698
299 415
319 100
421 196
388 957
598 591
140 573
151 221
19 316
647 978
17 555
776 294
714 278
572 289
248 976
745 272
784 271
511 592
783 82
278 71
727 653
589 837
379 158
257 748
944 525
966 298
545 100
92 539
273 581
357 986
198 191
262 183
442 714
935 484
637 601
177 173
120 461
438 854
242 986
137 959
689 130
527 315
58 583
318 157
971 256
290 899
461 394
565 629
83 648
903 230
507 44
645 397
607 290
767 771
86 780
10 204
551 771
18 316
702 137
430 202
349 547
399 400
556 923
709 497
868 973
40 440
142 673
40 300
250 595
15 914
53 174
840 839
311 355
616 634
870 591
440 165
771 940
790 882
223 700
461 333
765 85
714 241
780 772
286 589
683 21
901 896
679 397
952 841
591 405
752 164
620 579
437 884
249 660
982 336
821 242
423 758
316 922
562 974
10 80
589 592
686 336
68 85
420 672
467 298
379 65
43 988
980 283
62 65
656 108
692 446
183 142
345 727
764 487
455 50
739 630
638 980
67 752
534 368
117 883
41 550
828 865
501 313
730 15
492 565
355 911
488 543
623 291
823 237
897 233
747 169
583 501
872 619
197 801
426 622
286 271
607 312
753 931
573 323
450 322
196 165
530 968
918 236
374 232
556 886
629 315
173 41
849 187
888 853
552 926
807 462
957 556
630 355
966 635
258 578
471 444
341 339
347 353
686 97
748 584
342 249
477 217
69 886
933 860
407 219
7 438
949 725
869 186
749 311
152 104
618 198
934 267
89 246
723 669
204 398
919 88
123 654
212 457
635 109
64 662
710 72
227 374
735 874
352 575
574 868
317 565
615 195
709 491
77 292
701 198
638 82
653 915
19 277
326 262
5 169
101 703
408 685
383 962
874 72
675 746
163 673
394 35
342 876
629 750
325 892
186 475
125 453
709 588
905 847
692 78
185 276
61 470
957 337
761 139
510 525
858 648
534 17
546 291
293 153
219 722
265 317
453 279
505 616
207 949
218 913
580 250
50 253
925 424
47 790
286 406
254 245
812 325
92 449
309 69
904 903
196 48
874 435
600 73
469 984
231 649
103 642
338 794
616 519
848 99
60 292
583 340
881 471
956 441
557 347
481 961
374 206
690 395
623 752
502 68
437 661
739 199
753 134
883 624
164 503
394 748
638 750
368 277
945 65
733 900
728 251
111 778
919 908
336 659
172 909
36 827
396 182
823 507
45 124
611 807
734 68
844 335
460 546
347 936
781 342
129 996
464 599
254 811
321 296
775 327
169 163
649 785
256 838
644 885
606 368
143 122
26 741
723 170
638 815
816 355
243 225
794 49
36 22
761 481
82 585
555 474
231 394
970 809
750 199
122 414
384 913
418 407
440 756
545 725
49 538
595 506
529 237
343 508
780 234
402 312
293 546
960 779
965 140
279 785
747 659
185 806
312 441
168 271
7 149
123 506
851 948
365 954
30 966
972 847
814 878
294 793
752 906
284 264
338 823
811 184
793 143
106 767
239 415
689 758
154 487
15 293
876 462
351 381
982 776
635 52
33 821
601 315
954 871
649 733
292 933
247 181
946 93
574 894
747 741
500 53
40 582
240 571
735 803
192 625
154 51
62 343
656 110
529 235
690 450
172 718
983 818
781 964
875 112
281 174
952 162
396 991
391 723
859 482
398 556
253 858
129 710
810 297
728 709
517 769
9 541
251 348
181 198
620 993
522 89
438 381
301 986
249 117
289 924
694 303
805 45
600 383
619 854
496 260
918 227
122 64
987 217
577 642
420 539
332 123
30 40
52 449
984 810
644 82
503 685
97 462
82 198
604 327
763 526
654 929
982 593
995 538
640 997
13 897
568 477
556 165
789 307
248 977
160 565
275 76
227 326
876 657
254 938
956 521
376 37
88 93
536 885
9 710
745 772
97 778
233 555
6 108
554 725
937 276
19 892
931 742
665 944
728 635
70 107
793 443
299 812
390 696
60 573
25 433
563 146
931 36
749 963
516 403
790 940
151 425
400 137
616 369
919 776
69 410
5 574
218 44
272 929
407 748
935 204
22 10
715 915
30 206
694 874
71 728
548 271
519 379
403 327
90 684
210 873
990 773
964 675
690 887
279 297
382 960
179 559
817 123
657 254
484 441
531 273
148 795
115 183
215 389
968 408
833 834
693 1
629 926
771 861
753 188
247 540
870 327
961 156
63 500
108 644
738 116
666 421
566 255
156 615
873 343
45 355
336 788
914 789
374 895
88 297
446 526
727 335
44 210
62 529
764 496
21 770
241 111
271 951
920 980
301 251
113 815
236 945
621 699
393 228
630 127
466 579
344 641
559 407
141 57
919 756
531 289
255 294
812 508
177 255
958 774
829 770
811 850
922 993
937 563
597 725
524 430
859 773
5 441
817 846
862 209
252 307
319 321
991 915
540 945
250 105
386 300
550 710
15 74
229 518
831 960
81 585
9 651
812 146
828 872
133 491
193 928
420 556
810 106
158 677
946 197
446 582
679 463
846 451
574 66
353 737
432 306
366 637
486 807
635 903
606 984
473 581
210 915
745 796
883 414
443 293
293 931
91 487
591 30
351 321
213 704
633 34
363 745
818 578
267 239
971 678
860 947
32 321
524 77
375 924
716 355
828 319
974 484
420 860
810 266
937 674
663 697
281 306
865 343
940 13
844 979
885 628
164 743
154 640
874 619
336 890
475 261
741 59
661 708
68 727
571 140
391 51
633 976
382 23
195 698
192 135
126 470
37 983
624 182
195 565
495 989
553 453
871 268
446 45
98 861
342 75
608 851
715 502
987 576
950 9
295 298
898 886
115 788
742 697
258 457
15 222
456 566
324 746
389 399
232 762
376 951
746 43
281 269
937 894
831 76
392 40
411 177
39 928
222 942
150 448
288 772
327 250
270 552
262 160
106 163
481 827
325 365
705 809
31 543
269 272
760 106
854 880
942 954
600 879
892 674
423 461
391 114
392 529
186 673
32 923
80 750
989 829
204 325
71 527
369 568
355 729
260 845
279 174
990 177
59 592
258 479
928 330
29 410
8 213
398 546
398 258
772 669
383 492
452 594
398 664
892 793
444 202
388 114
534 404
625 4
318 768
932 710
927 941
433 805
668 276
545 610
910 138
685 947
278 697
109 601
292 547
408 693
813 533
215 589
154 47
417 320
26 207
14 18
137 153
402 373
301 947
474 100
270 379
939 406
858 465
477 921
895 110
284 495
530 464
825 240
81 683
692 631
803 129
18 133
932 868
315 563
830 258
781 27
212 523
981 80
989 129
954 259
144 220
134 194
966 756
671 100
2 197
425 494
868 961
525 342
510 194
621 901
819 845
937 709
377 69
157 459
375 906
640 716
658 917
767 221
25 706
536 401
284 141
314 771
824 343
87 303
760 422
394 31
109 225
28 140
220 138
991 689
680 112
754 704
96 248
820 922
247 102
753 451
806 593
547 161
450 520
637 558
68 255
865 901
769 196
217 560
59 432
838 979
79 956
965 641
2 660
303 77
851 111
227 435
922 395
453 806
586 675
914 922
721 82
834 163
757 537
931 224
793 505
742 338
979 768
69 469
322 595
393 656
970 341
185 56
940 842
466 210
872 826
969 794
284 198
798 166
909 965
873 400
974 578
906 749
574 988
674 563
442 263
550 333
232 430
922 712
573 588
605 439
23 166
849 103
702 845
194 436
676 346
770 733
842 25
287 154
974 994
582 977
866 606
8 440
277 277
216 456
150 556
29 761
581 333
13 24
498 533
126 498
585 568
258 577
391 587
144 81
492 554
697 218
37 127
10 62
307 869
224 139
14 180
797 332
635 664
494 175
554 954
954 461
530 126
289 576
847 83
317 707
246 123
452 881
303 962
406 84
903 920
108 940
177 553
381 905
88 213
46 687
358 403
187 921
570 960
846 487
577 332
837 109
612 170
139 911
455 686
357 626
319 992
461 333
966 932
958 173
622 319
334 817
850 148
786 946
273 218
210 607
593 434
424 662
992 730
217 284
744 819
651 625
747 557
834 738
383 445
69 998
41 873
14 59
196 668
880 225
30 853
982 33
649 937
117 41
649 177
210 826
9 97
764 806
854 553
250 12
151 142
766 334
324 111
341 125
248 523
496 636
394 253
198 205
717 747
708 257
540 571
880 361
189 511
370 882
749 912
281 689
707 641
399 566
14 351
375 162
101 163
212 295
883 839
156 66
700 775
177 316
704 735
42 832
242 756
658 450
328 471
503 91
954 223
127 20
940 476
643 651
656 646
920 849
778 270
342 805
642 902
420 56
66 819
702 62
40 54
807 841
16 506
939 283
290 738
14 495
904 663
345 148
324 471
496 478
643 946
678 661
214 59
449 278
144 147
594 884
43 380
950 666
636 945
491 24
939 71
143 821
52 611
680 506
194 745
870 974
904 855
274 65
945 898
594 511
68 730
