5000
4703 3084
257 506
4397 4848
2180 3457
409 3304
1107 3906
4674 86
995 587
1814 3222
2855 3539
1007 4090
4633 2127
788 2421
708 1658
126 1750
2073 3847
4194 996
3381 1749
3459 3608
1696 4241
4450 3777
1965 952
2810 3026
1712 3062
2317 1050
4748 3548
2409 3805
2249 1446
2474 3059
3834 176
2183 4894
1111 4606
4733 4143
3786 1742
1175 4727
2486 1730
2551 1050
1786 665
2441 3626
2482 4700
626 3295
4650 775
4141 1217
4617 1286
2778 374
3294 4167
3631 3371
4814 3586
495 3635
2241 2792
3089 2131
3207 3767
3983 1633
1407 199
2251 4125
4330 266
4391 5
2874 3213
4650 2337
3235 3680
3240 2230
3129 3848
605 1788
1212 1464
1582 4779
2373 2816
2007 4228
2616 2125
3016 4337
3252 4252
3057 4310
2818 2201
3916 2880
971 4071
2611 3139
4025 51
1236 1552
3980 267
3893 1518
2411 101
1875 2392
219 2316
4590 2063
3777 3780
4487 2868
4725 3651
2692 4745
3165 4535
1242 4821
3926 38
1830 1911
4455 258
4091 4920
4542 3052
443 3009
2714 4302
2281 635
4492 416
2624 452
713 3666
4767 3479
2414 2567
4459 2914
966 2147
3660 28
4889 4021
2732 1695
3398 1017
4044 4363
155 2180
668 659
1217 3443
3935 2146
581 1054
2449 1149
3322 3794
4066 4567
1997 3312
1267 2295
3732 3592
2106 423
3033 305
409 4783
3011 1462
3631 4259
1393 3596
3838 2371
3757 1224
3118 1488
2862 754
684 3208
2320 1600
199 3763
2034 298
702 224
4584 3005
500 1903
2723 4424
3558 2467
3640 3270
400 1987
3786 3711
37 2325
3466 993
1958 1086
1778 3098
1778 2571
4818 3120
1077 450
2821 3453
4538 3558
4204 2419
2334 96
2401 4688
1761 1391
3321 2258
4700 3616
4534 2338
2010 1037
4607 1345
2877 3462
68 1381
2594 1486
4000 3997
1363 974
1008 4001
3371 1945
1347 3536
549 205
3617 1528
4751 511
1541 3088
3629 3346
3994 473
4640 3133
2612 4291
4098 4143
4119 2032
1646 3526
519 2204
2972 4806
951 2462
815 3532
1626 2102
678 3683
2192 911
4393 4099
3337 3789
1201 2813
1125 4352
2640 155
1910 3859
4421 799
4392 1764
4272 4509
1192 2922
1330 824
4687 4422
3541 2613
2067 650
2013 2843
4176 2528
3771 657
748 1123
2989 3662
3847 4653
544 3315
1054 1388
1648 835
1740 3590
184 3693
619 4859
1201 2734
2210 3307
2426 115
3461 2623
410 2152
4787 478
2447 3366
4096 290
953 3005
1017 4647
4955 2748
2355 2471
4000 3702
1241 4576
3796 1812
608 2136
3840 686
847 2463
1643 4785
1687 3295
3726 4706
717 1144
3899 920
1055 3454
164 364
4148 2412
1966 945
4633 3792
4021 2226
134 1230
3970 2427
609 3601
4444 583
181 1514
1852 3550
4963 2832
4648 3004
2228 3669
3885 1182
939 4950
2880 3275
2108 2764
3915 4860
4589 2217
4289 1078
1931 1495
2797 2030
2929 211
150 265
4031 2504
926 3054
1256 3034
159 877
4692 4147
4415 2634
4729 252
4147 3035
3865 3310
1600 1422
4165 3313
1953 909
2258 4059
3853 4698
1537 3741
2038 265
2369 4472
2966 1400
3376 4011
3626 249
2028 2928
625 2542
1878 4652
2891 4493
2722 4219
4865 725
1693 3169
2626 1370
339 4930
3090 984
2480 1228
1122 4159
4303 1162
4042 16
510 2203
2242 4017
4407 3426
1011 433
4550 3900
591 2913
189 3575
620 59
3581 4839
122 2467
4366 3829
4082 4096
4123 2451
3350 2588
1888 1009
857 4987
4541 3730
790 1870
4449 745
1707 3510
4355 3070
2356 1721
2101 3326
2551 92
1468 2979
3894 1646
4539 2369
4932 3317
2293 1550
885 4932
2363 2804
696 2078
4721 2135
3021 1250
1651 587
3363 1484
2819 2956
1041 699
4671 2914
3744 1445
780 2914
3133 883
514 4014
496 340
2081 4601
4742 1435
4609 3935
1362 3605
2939 3120
3120 2523
1373 1030
3104 451
1924 2241
3014 4431
2520 15
4268 1774
1741 534
511 4687
4668 3677
4076 2032
3779 239
2056 2552
398 3913
1950 402
2975 1264
2491 3235
2138 2867
2999 3340
3615 2737
4602 1066
1016 2698
692 3683
1508 383
176 3277
457 4549
2968 4893
2149 4765
740 1045
4544 4980
3023 2971
881 1963
224 1061
4170 2038
4662 4488
1765 4796
164 3291
3775 2265
2577 4344
735 3787
527 1507
744 49
4252 4545
3010 2672
4377 299
2161 2611
601 1718
4610 4103
2056 4977
3889 4798
234 277
2177 4317
574 619
1747 1290
1013 679
3429 1168
1596 2054
1027 1870
3431 2623
2195 148
2622 2323
4790 2620
4546 1048
3394 4499
1601 2751
2231 3490
3374 1017
562 3358
1721 4793
1725 906
4886 3509
596 3223
256 3161
967 2676
2307 1575
4337 2817
873 4917
2802 2055
4495 1625
4699 1578
4077 4562
3396 3985
3509 1534
4081 2657
4 936
4725 3034
1255 4540
964 794
687 4332
2760 2716
4613 85
1885 64
1914 3399
485 2475
1407 847
4674 3779
357 1988
4125 3509
4146 3472
906 926
1138 2214
835 3671
2604 1325
2580 3280
277 2924
485 4340
4454 4442
4781 13
2039 3202
1028 860
971 172
1920 2650
4896 4893
351 4726
1064 2659
490 2988
3632 22
2834 889
4188 1795
3079 804
3687 1393
1334 2019
1676 1995
1920 718
4416 2707
1213 3246
2910 156
1904 4142
3706 4137
4529 3355
1715 3120
1840 3563
3807 2105
66 3728
754 4835
732 3877
369 1351
3490 1742
1366 1760
3409 4796
4843 3430
3378 4093
96 1590
1022 2828
2233 4668
209 4836
4224 1238
285 4050
3491 2874
270 1080
1628 2416
1044 4108
2156 4948
2367 3419
4908 231
3492 1793
4416 2772
1443 3313
1587 1441
2876 2571
2979 3550
1814 3810
4302 1406
4780 2865
4961 2177
4261 2298
4126 702
3053 759
820 2671
964 385
4553 25
1151 737
3707 1461
1505 394
2208 1618
3645 714
1431 684
4098 3059
4329 2020
3780 719
3863 4110
358 1907
2205 1251
2307 787
4264 2942
786 2021
1710 1141
4998 2846
3602 4975
3216 317
505 4582
4029 2577
154 470
1051 4861
4162 3838
1174 1723
2037 3689
2348 3847
2245 2137
1852 502
1861 2460
4028 3056
193 1040
3157 317
1248 2253
4005 2955
3914 842
43 2352
4113 2656
3006 1093
1681 3468
3419 4966
351 670
1527 2817
4698 4943
2946 3519
1599 681
2598 411
747 4872
1656 3500
1565 2822
338 3598
2434 3489
4565 2063
2528 710
4838 1400
3772 4257
731 4391
1225 1041
2475 1897
1732 2751
939 785
1057 512
534 3878
2808 3850
3216 4310
4427 2186
4311 1860
51 2001
310 1747
1169 3076
880 3889
1618 2823
1605 3757
1142 2210
2762 4894
559 238
1871 1193
1072 294
1090 4113
3594 2287
3511 1452
3857 3680
4281 1170
1722 337
2523 572
678 1175
4059 562
3673 3639
4043 4945
4643 814
1284 3438
1090 3342
2374 3905
1 3966
1062 763
3984 873
2929 1806
1501 3553
2173 644
2829 4499
686 4534
2436 4455
3047 1029
4600 1831
4197 1167
3694 330
3494 1175
4669 2542
2915 3990
2648 215
591 1191
499 106
918 4469
4405 4914
2154 3024
3414 449
477 3596
2767 670
2683 3167
4500 2721
1858 3977
886 3821
4764 262
812 2989
3592 4089
3302 2233
4533 1117
1877 1341
1968 3159
937 2812
1830 3425
212 1908
4741 4020
311 472
2208 2509
2978 1559
1447 3020
1383 619
2711 541
1083 3010
494 770
4893 3972
1929 2235
4668 155
170 241
1030 4108
2347 1797
1257 2501
15 4103
2685 3749
334 944
604 4986
1944 2844
3243 4949
1856 4964
1829 2320
1886 1865
2429 1334
3215 128
4669 109
3162 1628
3807 1674
286 4651
4209 1615
1108 4581
4576 2089
2113 986
1195 2528
4282 4586
3835 3233
1077 3817
4648 4044
1300 1693
4851 427
3764 167
2486 1374
1845 4419
2582 4435
4076 1001
581 2247
795 2995
1246 1750
2155 865
1749 3241
4150 252
3714 2837
2412 4411
1664 4729
952 3762
1016 4150
2802 3038
2437 1584
1829 1901
4880 606
3058 2580
222 3359
2225 1809
3408 2518
3860 2584
4254 2907
3905 3488
3761 4071
783 1028
1985 3140
3508 219
2780 1486
2519 3508
2062 2195
1692 4537
3176 3041
3411 1675
1822 331
965 4475
4146 4865
4063 4739
4252 2009
324 2026
2287 4712
3651 4303
355 2394
970 2522
3039 3150
4950 31
1522 1399
204 4310
2047 4910
397 3574
3750 4771
1148 4010
2225 2288
621 780
3625 3299
3893 988
3490 657
2987 1773
1543 1513
525 2251
3005 4502
3147 3021
2499 3002
4402 2206
3665 1915
1394 4084
1150 2591
1386 1551
3668 870
932 4739
1051 3477
2 1554
425 4915
4244 3790
1816 886
2339 75
3839 458
2756 3398
3346 4193
2932 800
4464 3688
3411 1386
4490 1108
2883 1675
4968 2767
4607 594
417 2717
698 1866
3569 4633
4688 4000
4493 3200
2425 2902
3397 2131
4914 1349
309 1292
1094 557
346 2336
1243 1614
2975 1379
170 4753
1366 1666
1344 1808
3201 3814
1663 2991
3930 4847
302 2635
840 4576
3787 1657
2583 2248
1570 3685
960 1449
4103 4014
3771 3078
856 2443
2387 391
513 583
884 1120
3984 4188
3501 1836
3809 2470
967 1392
3014 2858
2562 4844
951 66
476 969
837 2099
4081 2541
1568 4628
3896 2758
902 1881
279 1743
2557 2880
239 89
4062 1173
2272 853
2276 415
4045 407
1925 2358
1689 3473
3031 3388
4774 2870
2418 2399
1112 4368
4289 28
1666 2099
1256 1131
2836 2208
1271 3376
1761 561
4246 3985
1010 406
2454 2986
2110 77
1966 2848
4339 3568
2485 3426
4112 1314
4708 2282
1770 593
3830 439
3765 4143
3267 3079
3980 3237
4795 260
4390 1934
3805 2925
2744 1900
843 4059
3471 2681
4383 2751
3153 1312
2048 559
312 4336
1526 3642
4623 2779
1675 3906
388 195
2333 3908
3348 2259
133 1129
2528 440
1841 249
1605 4589
3353 4387
3094 4069
3748 4771
297 2484
3605 3953
4802 351
2028 1164
2388 2861
3552 2926
4312 3408
4638 4132
3874 3844
2316 4988
3357 1995
467 3652
3887 9
4130 2170
2372 79
103 734
165 4181
2140 4689
2812 2724
4494 4062
4636 3553
4319 1544
4528 3019
3936 4337
1759 1404
3943 1471
4634 668
3488 3965
1880 4387
415 4082
3055 3006
2609 1062
3295 3689
2106 2343
2305 3795
3360 3440
2064 606
154 2320
4810 2954
261 4130
2370 363
4401 2121
4081 3417
46 3241
4344 3584
474 2755
4769 1542
2586 1993
2042 2548
1268 2713
3866 271
931 1293
122 4935
3459 1170
4443 852
3625 3491
2918 4766
1012 594
1830 448
2000 697
1914 1335
1221 1362
3617 464
1823 3234
2986 1762
3754 763
683 4627
1496 463
4600 4988
4944 3642
530 1284
4208 4662
214 2664
3078 1741
486 1679
1463 3378
869 739
1702 896
4763 703
838 3665
438 4423
4777 2111
3041 389
443 4091
804 4098
1887 2505
133 4557
3061 54
642 4803
4609 338
1009 1082
4094 1443
4330 38
4558 443
94 1889
4948 4244
3180 4276
3011 259
327 732
955 2094
1506 2737
2061 3695
3743 663
1120 2475
1135 2943
4097 2955
267 3409
4445 3420
4185 583
869 1730
310 1697
29 1727
3749 2940
3762 256
545 2095
277 2182
2739 3786
4989 4788
107 3265
1283 4052
4792 2146
2393 4878
2419 1814
2016 4913
308 2084
199 762
4655 3971
4482 3223
2497 4566
3089 4796
1248 2922
2383 3193
2321 657
4120 377
2887 2185
391 3388
2278 3577
3446 4644
3928 3345
3546 1942
1331 2196
3254 649
4517 2135
3204 4339
2736 194
74 484
1919 358
58 980
2088 1521
2000 4486
465 3775
2271 2936
2737 786
2278 2380
1045 2156
2899 521
834 291
2781 2399
1810 741
3737 1388
1450 2172
303 3696
1442 4829
3458 121
949 1200
182 4326
4843 4852
969 930
4811 2250
950 1088
3461 2555
1720 1234
4981 3259
3826 3562
4122 2681
845 57
2514 2514
1744 2001
4115 4162
261 480
4844 2595
4123 869
1437 2209
1146 3034
3997 3930
697 2748
2000 2052
3715 4898
2038 1423
882 3553
2576 879
89 2800
809 794
1356 4841
3973 2485
61 2676
4057 1278
4492 469
763 3116
1171 3691
3384 4845
115 4052
2430 3708
2081 2416
2197 2900
3954 4085
352 2928
3838 4648
3750 4639
1794 1580
62 3234
3043 2367
1073 4016
3115 361
2549 4478
1550 112
477 819
1122 3143
3603 47
910 572
585 3653
2360 2816
1358 2121
3851 3708
4781 2739
3381 4615
1854 406
635 805
3247 85
1519 1988
103 4579
3317 4965
51 1126
780 1351
2068 3014
854 4971
1798 970
2309 993
1490 4701
4277 2543
2481 1976
2418 655
2535 2786
3477 3472
2016 3794
3349 3352
3012 4916
3216 4502
4738 1043
2988 306
2309 1460
966 4123
4618 3522
1181 4962
4379 3785
4463 2361
432 612
2419 4083
1590 4786
3103 3859
2846 1663
3559 4884
1406 3580
3329 795
4978 1547
2507 357
1962 3462
2739 2657
3133 4119
1059 4447
4623 2267
4293 4352
1259 6
4033 3865
524 2930
1138 2701
4436 1105
2150 1921
2597 3221
2830 1730
1547 1766
3924 4503
135 573
2972 2221
2057 2777
4918 936
4274 3298
2469 1223
1148 3385
3990 2246
4481 1607
2977 3073
2722 3976
2760 3244
1893 2243
1886 3638
3636 3347
802 1428
3518 168
471 419
1207 1802
1730 209
4141 265
4364 3606
2161 3474
2735 1413
4168 4399
1141 69
1452 4555
205 1053
2727 4561
2177 2389
4528 2880
1332 4176
4065 1307
2429 3260
2346 2306
1521 3364
1712 4422
4824 2800
4650 3224
499 3038
3744 4301
4425 1913
4457 104
2569 4258
4958 1220
365 2403
4674 4622
3468 1303
589 775
23 3131
3840 2754
4587 4917
628 3701
1410 3577
4756 759
1568 876
2018 4810
2051 673
3378 2475
4292 1130
1917 1809
108 3247
1910 1692
145 2457
886 2157
866 1705
590 3280
445 1450
1552 1304
4990 791
3929 4002
3308 265
1119 700
4834 2779
2251 3192
3429 1652
2574 4219
3097 2694
2344 3300
3054 2323
193 4959
3381 2416
434 2482
4504 4145
1394 4478
3417 312
2319 2737
3874 4121
4604 1297
3382 1240
2318 4118
4647 1847
1985 3779
2329 3868
2442 496
1025 1728
1920 3903
2992 3911
2821 4016
4118 4180
432 2664
178 1785
2556 1559
3875 2847
1910 571
3646 221
4332 1865
4536 2345
4752 4143
4653 2544
2204 2503
3968 2813
3611 277
3589 3490
4505 3471
2464 2115
3667 3411
417 1735
3023 295
2089 592
951 2630
2179 3927
2253 4692
823 3180
1943 4250
499 4122
1678 4406
2032 503
1 1526
637 2191
3815 1761
81 2202
4361 171
4447 945
3821 2376
1537 2846
3215 2609
1076 3610
3514 4930
1997 4355
835 1310
974 3465
2297 1308
3272 1310
3294 4830
2259 1164
364 4646
3553 1770
4731 23
282 4478
4203 1778
819 2769
4845 1123
1283 3959
395 2047
1673 2814
1833 1065
84 4052
1487 1675
3265 3040
4331 2750
3204 4109
4202 4527
1182 3813
4373 1773
648 3379
3560 1824
1088 281
335 4173
2714 2899
3590 4466
3067 1946
4102 1528
4691 4782
2172 186
4713 4570
3351 3290
2978 1576
3251 2066
1163 4964
510 2446
3938 2452
1418 2124
826 2223
2121 3917
4336 3611
2234 98
3721 3020
1794 1686
545 3155
1785 3656
1498 2990
2525 2907
2932 4184
4491 1503
4636 2696
2094 3557
1049 255
4935 378
4474 164
1999 1103
3645 375
887 1133
4631 3729
3534 818
3800 2044
3184 3034
3373 2161
836 293
844 831
458 253
221 1135
3596 2911
4050 3442
3152 3795
3649 980
2105 591
1062 1455
3796 2530
4878 3071
4525 4692
3110 4644
167 3099
423 94
1597 4604
2470 4658
2545 1073
38 2981
2384 1284
1242 1515
1386 3185
3176 3736
3015 2858
2727 223
2878 1086
1322 3250
4396 405
327 4296
109 1076
962 4270
3728 642
949 1544
4423 3832
761 2822
4184 1751
4276 2067
778 3408
943 2802
471 381
3712 2792
1015 2694
1984 3755
1597 4682
949 3735
3073 4307
380 4544
2125 3415
1050 4589
3447 4163
854 4681
2759 2127
938 1908
4202 26
1602 2313
3064 1520
3763 153
4254 150
4584 2594
3354 3899
422 2179
3798 2821
334 2857
3036 280
549 1768
4536 4814
3042 1764
543 4649
4122 870
807 2604
3305 3360
2543 1047
2492 4949
4309 844
1196 3152
4051 2531
419 2280
1692 1719
2870 3800
3002 4389
4625 44
546 2359
4006 4463
3915 195
2254 4585
4600 3819
3483 2366
613 1768
4844 3437
4056 4318
941 3203
1229 4348
570 3914
1530 2373
1412 1627
2702 1239
158 875
4183 2360
3630 1174
2014 3604
879 3441
3198 4524
628 807
4597 1270
884 2082
2216 1872
2539 702
2047 1032
1610 4081
1403 4390
4612 104
2081 4340
3179 4038
2467 3883
3792 3120
2043 2167
1506 4210
544 4633
4670 987
3151 2962
1163 2847
3648 1920
3520 791
1714 3847
1564 2311
2589 4597
4652 744
1890 4620
4711 2312
4659 2767
1478 161
855 568
4213 889
2059 3474
3877 4921
4719 4755
7 2672
2894 644
3898 1942
3596 3325
627 3644
3800 3187
2229 2673
1352 2817
2042 2926
1003 1959
1643 1011
2324 1734
2980 3779
4173 1273
1951 4731
3286 3968
2388 4745
572 4832
3617 1740
3037 3090
4445 3332
4743 2917
2798 1186
1212 4121
3472 3026
2502 1111
2733 1274
2331 2282
825 2759
2131 91
1377 412
879 244
1140 947
4247 321
3541 438
3843 3500
462 1516
3127 3708
1554 4135
4846 4305
1631 3139
989 2816
3373 1561
2949 4475
2940 3851
2662 1263
4126 2373
2923 3325
3294 4922
4704 1853
1435 1712
1835 111
465 4731
3520 370
3927 1878
2746 2484
2028 2825
1918 1365
1914 1241
390 2150
2036 2854
3930 3209
805 473
3969 4528
4057 725
152 1264
2874 3893
4130 1771
752 1842
4616 931
2362 3633
2853 4660
3769 669
3273 4719
1722 2371
2489 2925
4261 4055
122 1030
1371 1511
3738 4625
2634 487
2848 334
4079 2179
4519 3608
2493 4291
4891 3721
2981 846
3540 1900
1108 4408
4802 4537
2025 855
3259 3436
4543 3388
1351 1387
3024 2869
4474 1824
1440 3485
2251 2926
4912 1753
4591 2775
4858 2655
74 4023
813 1562
4949 530
4319 913
4533 1919
3791 1469
3738 2926
2488 94
1053 3760
4197 525
3298 582
2496 1701
2595 2286
4457 2674
2732 587
1146 3884
586 1986
1025 3897
2625 1384
3366 504
1766 371
1273 619
4181 2981
1355 844
2427 4609
1338 1260
986 347
732 3004
1889 4278
1699 425
741 4255
824 4128
1265 86
2121 4345
2751 2093
3123 2613
4060 1984
2230 4066
4859 3478
337 60
3567 3225
2243 1523
2742 2988
908 4847
1346 3280
993 4790
2770 290
4075 3494
4644 3186
711 2357
3457 541
3233 3194
4740 2751
421 1966
2346 1792
2904 107
1529 2445
438 2329
1715 899
3192 1453
717 3114
3250 783
866 3003
1052 2084
1223 2101
2628 1619
2874 2124
1122 516
3772 4847
1945 561
4794 303
3715 4888
4725 3580
1288 990
1169 725
4986 4175
867 2273
4058 3742
3210 1113
647 4014
2505 185
2680 2486
4404 3991
2658 1276
234 901
3582 2350
1143 4866
4178 2881
2953 4006
459 4537
515 469
2654 3772
255 4055
1538 4134
903 1447
4678 2926
1785 3160
356 4604
4950 1869
951 754
2831 2258
2256 4898
2703 3138
4966 2213
3833 2087
478 2457
2512 1072
2525 2973
4141 2999
2044 1085
4105 4320
3816 4592
2372 4428
3474 3568
496 2265
1649 2548
3232 1466
4046 4883
3644 604
927 3458
3279 3616
4906 4464
3664 2384
2221 3153
3825 3113
550 3863
4776 2893
1956 3295
2389 3694
3516 236
4838 3817
327 3844
3840 4865
2364 2348
2353 1760
2584 4358
4702 3054
1263 4803
2376 200
59 4041
296 3555
765 4797
4123 4299
124 1695
3359 669
790 1513
3280 3187
1588 2889
4714 436
2178 4204
4463 450
1388 2497
3741 1709
4439 1390
2835 1814
606 2664
3279 3883
3175 508
3061 1977
3896 4283
4018 472
109 3662
290 1110
3009 3865
2966 3863
4507 3596
2003 1379
3084 2444
383 3715
4191 2039
2120 1228
4381 1542
932 3604
3261 3960
41 2043
4666 3510
1002 3726
3830 74
3854 4831
749 3341
1458 3821
1172 2484
44 4105
4512 154
1710 1528
805 4973
4635 4702
4988 4335
3925 1767
4260 1670
2596 823
214 3953
4544 2336
45 4756
2114 3740
4506 17
4718 253
4311 1838
4417 1518
1451 3354
4151 3543
2993 3432
647 1302
1091 242
4997 2246
2647 1736
503 4055
3500 1725
3946 2984
4012 2472
1152 1508
3924 162
2703 3503
2717 3915
3600 4408
3326 3979
3132 3350
1698 930
1369 3411
66 1538
3475 2210
2338 825
4254 2535
2183 1639
3552 592
1386 781
2005 1280
2040 2422
3060 138
1049 1207
3058 1375
880 1039
2294 3879
4292 2562
4197 4860
4152 2043
1524 2889
3039 1658
4743 4693
2868 1077
4841 4795
2836 4344
3322 1057
795 1802
4472 2562
2959 3701
4735 2503
311 2426
2850 3073
49 773
2595 3520
2924 4677
2776 2251
1029 1905
1553 4042
2201 4640
3314 2891
4971 1792
2614 1946
2031 1576
1647 4960
668 2762
3159 3699
918 1920
564 63
4602 2431
3224 4362
3134 4413
2328 1219
2524 4484
3268 4200
2335 1287
4679 2843
479 3341
2092 1195
1531 4256
4707 3718
1924 793
2259 1736
4386 2993
3247 2486
4462 4750
3718 1131
836 4962
3599 1779
530 3446
3603 3734
496 4358
1940 4616
3692 3239
3874 4423
2479 832
1247 1252
207 4884
136 4091
2733 4103
534 1611
708 3981
3151 4132
977 620
1167 1350
535 223
792 1931
1269 2006
4841 1307
1960 1581
4964 809
3103 630
2382 4198
3170 1886
2112 562
4149 3855
2984 4321
4784 4194
3861 2919
3804 4401
3135 701
4533 3716
2018 3078
2808 2112
4674 2401
833 209
1827 144
3440 391
820 580
4229 4395
4942 1571
1947 393
3339 3595
66 3806
3117 4434
296 2527
3670 2074
1661 1523
4551 4677
4904 4982
4037 1837
4465 3767
1225 278
336 1343
1517 4897
524 1766
2195 3965
2443 3635
141 1286
2199 4086
3464 2232
4848 1226
1004 4658
2854 3833
1333 4637
2853 3860
1768 2686
2287 4279
3658 3782
4942 4662
4727 386
2167 1028
3768 470
231 2899
3890 2059
3874 497
3319 4132
3463 4367
3418 1247
4696 1808
4294 4358
3891 2463
3668 3834
2535 1314
2256 1845
2326 1173
4569 2351
1441 1199
3304 3180
32 270
762 4402
2406 4517
3807 1102
654 1316
4251 741
4687 3836
519 1402
1405 4644
3534 3999
1500 1276
4042 2026
436 3214
2598 899
837 3736
4941 627
3104 2986
3773 4777
1707 4474
469 1086
4119 3735
3486 1184
2304 4982
4070 3741
3527 1675
3100 3822
2089 4052
2774 1287
2210 1478
4400 1608
4048 3127
437 407
3814 3926
2425 3439
4524 1817
1206 1051
1437 1123
1636 4934
692 4422
4261 3440
505 4047
4554 397
4104 3334
3496 3379
2671 3966
1669 2529
3268 679
2446 3394
1005 1074
2124 3596
4279 3520
4194 3396
3802 1115
4935 4595
2795 1684
2342 4339
773 331
2518 4116
3938 4292
2177 1992
619 1308
1043 1494
544 1103
1520 503
2010 3515
2844 824
3212 1697
440 4233
134 217
2071 2975
4770 661
2918 4850
4221 4111
2303 2012
3070 2757
1813 3162
3530 1239
511 4203
1997 1832
3686 4166
4552 3371
2387 4008
523 578
1102 3777
4822 3881
3282 2894
2470 4617
2259 2959
200 4338
3841 1569
4260 3455
2567 3384
744 472
3390 3855
3095 1515
4147 50
2630 972
3327 3982
2548 2346
2454 2967
3103 4314
3430 564
3654 247
532 1355
647 1256
4953 2065
1153 3876
1100 1175
4638 1211
4726 3954
3255 2234
1004 2825
280 1036
3335 1328
2673 1986
739 354
1026 4599
3250 4478
1823 549
1549 1573
1885 3768
4997 4826
2830 3057
1105 2912
2561 2296
202 4224
2175 3172
1009 3651
2150 4115
1149 691
4133 3017
2323 3752
1769 2673
590 4230
292 218
3725 3177
2754 955
2057 1109
1337 164
4259 670
2491 4545
1312 4558
388 1722
1746 3424
2298 644
1273 614
3987 999
3341 3728
4184 3757
612 76
2725 1291
210 2014
3866 2764
1581 1689
411 3213
4314 2718
1565 1019
992 234
4775 3408
2406 4021
1255 2994
2418 4621
248 4692
1280 1518
1136 930
2272 3633
930 4046
1612 4385
3502 180
1824 2396
354 4121
3054 3277
1766 3647
1617 3147
1830 4211
3795 528
3026 2082
4344 2464
1780 1243
489 950
750 3427
1440 1635
4331 1518
3169 206
4612 3041
191 2607
3599 3379
1855 2487
4373 2973
2929 2706
1177 2908
2706 3183
367 4160
819 3865
476 4528
4181 818
3226 2514
1089 1886
3793 174
1914 3081
3705 4725
1380 3058
3004 536
3794 4764
517 1204
891 310
3717 2954
4060 302
2028 1339
3656 3497
2319 4788
3578 3050
1069 4285
3771 3960
537 1454
4357 1842
2718 4388
1049 1982
2600 1225
1396 4376
396 4757
3798 4223
2239 831
1555 310
3493 2103
2218 4523
4661 323
4065 4374
2612 4883
3807 607
3839 1245
531 2736
3079 1187
504 929
3484 3635
4506 4254
2863 4747
1977 3530
2332 3531
2525 4618
1023 4117
1294 4531
2818 1845
3062 4925
1931 1417
332 2347
1384 926
1880 4455
2812 3002
115 910
4843 121
463 4658
2893 4463
3199 165
3901 368
1402 1723
29 2012
2876 1446
314 2751
3201 1462
3895 3987
653 4142
2804 349
3399 4341
4793 2208
2064 3648
2031 4943
1730 703
1305 1309
109 3290
2489 4287
4005 3887
1340 2675
1857 4556
1979 3720
4822 3384
1287 3093
1612 1413
2769 3935
82 3690
1965 2487
1809 4394
1765 1436
3241 3901
3205 1944
940 1448
3952 3542
4517 3132
2366 348
4326 520
4375 4311
3707 4982
3486 3470
4519 2554
1021 3182
2785 3171
974 3355
4025 994
2967 3032
3626 2588
1916 1209
3904 4001
2928 3806
1527 4376
301 4756
2440 4964
4554 467
2676 3244
225 4847
3297 3963
4108 4944
3475 2259
2794 2561
319 1234
1672 84
1164 1893
4892 3853
1239 2464
4385 743
4921 2991
1848 4325
2793 4226
485 3550
3680 4375
1404 376
3549 4955
2570 2964
2139 4732
3778 608
2371 4487
3478 1020
1856 455
2011 4713
564 470
812 1949
3963 3703
4330 4567
220 69
482 1423
412 4699
2099 1855
94 2038
1673 1488
3509 4348
1276 434
3245 455
2239 1321
3374 2579
2240 4297
4866 3330
3521 2630
1357 262
368 609
328 293
1511 2742
4190 1510
4075 205
2221 4957
657 1894
1137 1649
4751 3607
2706 1408
3301 4064
613 170
4839 1929
1101 2836
1 2785
1221 3450
2155 3355
4083 2968
4515 3810
3624 1064
3281 2941
165 1327
4342 1167
609 3145
2983 3067
4170 880
146 3483
126 4078
3837 4588
3612 4289
4949 3464
1810 4824
4629 4235
2897 3057
1336 1741
4664 3882
385 2637
4991 2748
2322 1181
978 1346
717 964
1359 3730
3096 3880
905 2827
2810 1024
2776 88
1736 2264
1395 690
4559 1196
4074 1155
2278 4651
4928 1807
4452 4787
526 494
1885 3601
4070 4269
2995 2178
4061 3690
3285 4434
541 2408
4708 3476
469 1481
4566 3280
2514 546
2846 4631
2488 3654
3784 4208
3264 181
4670 3562
3197 929
3454 2716
2158 2527
894 2333
3373 1937
3728 2865
4254 2858
1715 4007
3296 478
3154 3063
3802 3965
1861 2055
684 2421
3619 4268
377 2430
2226 787
1347 3492
2384 622
4764 4363
2980 3686
3770 1249
2319 986
223 3416
492 2329
175 4165
3753 3952
3257 1992
1176 3805
975 4599
4491 1966
3895 4262
674 410
2116 3473
1985 4047
2387 2274
3595 453
1748 4501
370 3972
4533 4361
1142 4280
3834 2381
3783 2114
4494 956
2576 3558
4724 813
3290 75
2347 347
894 437
2838 1734
2532 3132
424 357
303 1596
2641 1702
882 1986
3984 4335
3116 2768
636 4582
1842 4760
3358 2545
908 717
4585 124
4188 2603
1463 62
2048 4888
1204 1950
713 607
2191 4509
2401 4768
3872 4733
3266 49
656 3728
3581 3171
1408 1361
289 3206
4147 4930
3706 2924
122 1142
424 3409
2273 2762
3689 4195
4807 3001
2977 1393
2970 1653
2433 3467
4232 1646
1426 1620
49 613
4612 2312
4390 4589
822 208
4228 140
911 1450
4374 3526
3307 964
1643 3908
2556 1155
3226 3648
2836 519
293 31
2981 4382
2015 4428
2360 1318
2228 2974
1970 2923
1610 1663
884 4033
3484 4583
2059 4444
1465 2865
2033 4271
3750 4581
4690 733
4885 1048
109 746
4093 206
369 1254
3600 2174
4680 4602
2298 3557
1470 1954
1513 3793
469 1534
1342 1833
1841 3865
4386 4292
495 2325
159 2581
1528 835
4648 2064
4989 2228
1902 2655
3992 1841
1568 84
3355 4404
1921 1282
2373 1480
1112 2432
2271 4829
2758 4195
157 4474
2300 2150
760 411
3896 941
4269 4956
221 1389
434 2734
3869 1435
59 4189
3983 3112
4886 398
2875 3018
4478 4803
736 3812
463 4004
2200 759
3432 2731
4095 977
4703 1371
3147 4600
3525 833
1832 502
3463 638
1214 2674
3154 64
1126 2531
1773 4592
2248 258
823 188
2936 1566
376 1310
3687 1504
1505 1182
779 3584
133 3579
2441 3824
1502 3002
1016 3216
553 1818
4019 1208
1655 2739
2514 3179
2668 2208
920 1178
2745 4650
3619 1219
241 4041
98 116
2403 199
4568 4458
3294 2305
2166 836
3125 3784
2009 1338
3057 2957
1541 1351
2360 2284
1476 2640
3430 3027
4052 3354
1666 1657
2347 3860
1043 12
1249 805
4873 3025
1832 2893
1469 3856
1341 1445
156 1528
2376 1140
3192 4808
2252 3248
525 2516
1180 720
86 1800
3125 3625
4848 3227
2968 608
1459 4165
245 2402
1282 2725
1099 4674
3441 414
3613 3992
2619 1968
649 1081
4619 3
4530 2933
4506 2762
2496 2615
4887 2634
2565 3683
1669 1384
4657 193
2306 3776
2055 1633
3953 506
1742 4631
914 49
2419 456
1038 3989
4036 3922
4914 310
2489 3037
844 2747
3114 2558
4481 1513
549 442
1583 816
2132 3251
107 4101
3281 3934
4605 4969
3872 440
3177 4141
3238 4517
1212 2898
4865 374
2042 844
2487 2911
4483 1474
1748 908
65 2001
646 3879
1550 939
4666 4821
1946 4976
4461 3642
535 32
2355 2909
2561 977
743 4005
3913 304
229 216
1809 2135
4901 3904
4336 40
96 3501
1249 35
4984 1215
4367 1733
2241 2714
724 1654
4954 2321
485 2248
2326 2274
718 4113
4442 1916
1327 1968
3070 1472
122 3197
1551 3774
1470 3624
1133 4147
1348 2777
1404 4281
789 1500
4259 3762
4810 4022
4521 1232
2363 3078
3598 936
331 1210
2188 3779
2872 621
3791 2348
1794 4424
2693 1302
1039 1810
1378 2355
1214 1667
14 1916
3022 1098
3643 2088
2327 1078
3448 4963
4523 2892
1919 2182
1637 967
4792 184
2651 4937
3792 1727
4736 2775
722 453
2219 3393
915 1355
3589 1893
2363 1570
3976 1003
385 4045
1775 2983
2613 2930
3804 1850
1111 4020
156 2866
2692 4407
4506 1294
4487 1447
2198 3931
865 413
3306 4714
1322 888
467 2997
1043 2812
4847 4473
1546 1583
2484 1452
3120 3948
2709 2446
593 2212
417 4197
4835 3106
3898 919
4986 1284
772 2016
961 3119
4684 4937
4821 2181
4345 4907
1856 4908
4044 3011
1987 2579
2811 496
3258 954
2590 819
2312 2424
511 2437
1301 4591
354 4696
1746 266
947 1262
3206 1533
707 1065
2492 4430
4051 2184
3361 4524
3035 1926
2838 1803
4987 618
3326 1520
3434 445
3669 1282
1229 905
4222 1584
4192 4824
3547 3375
3559 335
3066 804
1314 3778
2021 2747
4013 113
514 812
2609 1823
1069 2658
4679 3137
4676 4632
1366 723
3715 3760
4358 4699
2698 2974
2970 2205
3947 2525
1218 3524
4161 396
1148 560
1243 1023
2141 3724
579 1
3009 4104
2271 4951
1783 4961
150 1621
1199 3109
4781 2100
3925 3758
2075 1288
707 4112
4321 3695
3746 2044
1849 2802
3581 2708
2366 4867
2424 2902
3476 4191
37 450
1114 1314
3815 4419
295 4729
3672 989
2691 3908
1980 4835
4049 1354
4912 993
3362 371
1481 4455
1643 1233
1477 2621
913 4473
2229 1054
207 1872
1488 537
600 2930
2608 4769
708 460
2891 2481
359 1462
1846 272
1185 522
2514 2166
4198 1186
3453 4826
2809 3420
1094 1907
3329 665
2700 3236
2799 271
4050 1391
17 391
4180 1153
534 1850
1527 4599
778 202
1560 1002
4525 3619
4522 4922
2345 1932
3131 2377
2187 3151
3120 3289
4474 1716
938 2788
4543 3249
4449 2555
1607 4519
3240 295
428 1179
695 1088
1221 3559
2491 3126
228 4434
2340 4954
3984 1845
1513 309
1941 1472
3880 826
3635 842
4716 482
4560 1456
1425 4321
307 3580
1879 3593
3995 2441
555 3535
2475 1917
3322 1613
2600 4205
4440 780
1249 2896
3021 3463
671 165
71 2261
3189 3647
404 3113
2457 240
703 3455
1895 3095
272 573
4948 2728
2863 2645
1783 380
1107 2365
2110 3880
4718 1573
4284 4826
2390 3810
2499 4030
3248 4317
2747 4282
1833 2092
990 1086
4659 4215
4165 1479
1555 1053
3244 4348
4830 3526
4767 1403
1409 486
3835 4545
21 4198
3685 3621
4438 3920
1458 3031
2774 4782
3132 4580
3477 2199
296 1283
4215 2562
2597 1054
2008 1021
2762 1447
663 2859
2873 946
1418 4156
4025 2189
907 3094
3696 1859
2749 1936
2815 4901
151 4352
3124 4058
1276 386
2179 825
4140 664
3389 4865
573 1402
142 1249
1479 2144
2995 3873
3213 2607
358 3302
4652 478
2800 4658
4699 502
73 2857
3353 2183
4055 3686
4709 1325
4573 4753
3762 3764
4750 3742
26 138
4420 3526
2853 1892
4795 3631
4096 2781
3249 269
2287 3092
2097 2917
1671 2727
2643 1726
1425 3957
1202 507
2697 4722
2406 843
4078 394
4567 685
1814 403
1621 2838
2701 1051
1767 1072
773 4127
1436 4283
4208 774
4868 1418
3626 2113
2046 3175
588 922
52 3277
3252 3319
3110 3971
888 2148
1123 3894
1203 1539
4717 4123
4772 2894
1652 1882
1415 149
4729 2746
4338 3363
4281 4033
4153 657
3200 828
4256 2199
3288 3736
2984 1480
2109 3065
68 1595
4442 591
4258 1990
3106 3785
589 2805
339 4001
2681 4488
4056 618
4966 4984
3619 2663
2463 817
3639 3777
329 3620
1047 2494
422 1606
3990 3348
2832 2552
2858 2616
1178 799
256 816
3681 3319
2168 4872
4311 4034
3492 1335
2810 896
2624 195
614 1010
4875 2683
4553 2294
2137 203
1434 1643
4296 2199
4299 4144
1732 996
4348 4869
1598 1817
2016 4003
748 4332
4186 244
4264 2253
3776 2679
2093 2595
1693 4173
977 852
1212 4819
2014 1715
225 678
3041 3278
4607 3533
473 2088
3925 4438
2910 507
1134 3736
2147 3374
4634 3328
4138 3747
3383 1228
56 4655
3978 1361
1030 3715
755 4023
2330 78
805 3067
2696 537
3763 1800
2720 3504
1717 4738
2228 1350
3060 1526
3682 699
600 1447
920 2742
4096 4797
3925 2556
4009 3143
502 3490
3582 3120
2419 3692
3094 2638
2699 2811
122 4275
2453 3852
916 2640
876 2922
2188 1615
1713 3621
3332 4006
4328 20
4068 3898
3751 793
2297 400
4200 3803
715 1132
4326 4068
2840 4291
1204 2401
2642 4556
338 3461
1311 3280
4336 2276
4744 3815
4599 3906
4863 1513
4358 2998
3151 2367
2701 575
714 2450
3422 92
3944 2317
4165 2364
3344 4320
2456 3106
2127 783
3053 2174
1577 3077
2802 3056
4625 2154
2413 2272
4036 3348
1212 2770
428 2321
2723 535
854 1660
3290 1377
4307 4795
2614 2823
369 3282
2871 1125
1066 1336
3740 1322
4086 2365
1379 4505
3930 4867
4412 247
1244 1615
3617 2682
49 767
4790 4957
1183 3903
663 842
1906 4009
3877 852
4981 2420
4286 1028
4032 4023
2110 4043
1949 4562
741 3182
1445 14
33 2161
579 3660
4817 3509
4581 1152
2750 2750
4414 2554
1945 2621
494 974
33 4324
1774 1877
149 3146
4451 1166
3032 4855
4382 786
3729 3019
4440 899
2577 2822
1610 2655
3920 2914
3426 2694
1638 1781
622 1032
2969 1535
791 1670
4981 1765
1695 930
148 606
4851 4891
2533 3207
2833 2397
65 2354
768 1855
1626 571
4721 154
1217 1101
2358 629
45 1439
1597 3958
1201 2613
4421 4341
2064 4216
4273 2394
4576 3288
2199 2351
86 4182
735 1097
312 3742
4635 3679
886 4034
3245 2801
357 2800
2505 674
1599 770
1354 3757
1391 2757
3079 282
1761 936
118 4179
1184 1765
3388 3358
1281 3004
2086 3768
3786 3964
19 2163
3251 2849
98 2931
1366 3706
909 2382
3746 4228
3028 1308
351 391
3026 1773
463 4612
4740 542
3784 4969
1736 1646
202 1796
2020 4112
720 4677
4662 4133
1385 1447
4480 1870
4971 3468
2480 867
4102 2611
4748 3054
2495 581
3530 1582
2530 4676
640 1319
2261 3989
3870 3079
2009 1275
4582 1373
2689 3956
2284 650
2567 3463
2505 346
2575 1327
2394 2026
4482 2296
4813 4899
1934 2562
1213 72
792 1696
3426 157
632 3337
2388 3469
4742 1659
3510 3459
1930 1018
3620 1340
497 3921
4313 2915
260 2621
4825 1477
1152 3784
4277 1453
1092 1756
4412 1296
4622 3791
4580 408
2271 2177
3340 2006
4879 385
3249 1618
55 3257
4970 1786
1282 1517
1837 3771
1692 783
4507 4996
2828 1505
33 1662
1988 4672
59 161
2386 3891
377 29
2522 54
2075 231
1593 1163
917 3435
2038 2148
236 1149
3612 3284
4596 3653
1086 1712
68 3076
3261 4540
1320 3626
4090 3403
2767 1465
4963 3456
3922 317
4486 812
2682 2975
661 4192
1251 596
140 1030
2447 3325
3031 2936
866 3890
72 2324
3736 2186
4667 4006
3918 4873
1556 4063
4048 571
780 3064
3002 148
2466 1250
2298 714
4340 1100
1719 1279
1232 2543
3371 3105
3103 3020
26 3056
3136 1138
2031 2212
2786 2969
3680 2341
2414 824
4033 199
134 1156
3556 477
1436 4192
4937 2995
1256 2138
2295 4545
4313 2371
3659 4975
1830 3916
4042 1574
2308 2811
2591 4135
3817 1720
2276 3020
1299 704
598 2320
1703 2423
1502 3526
505 4271
4261 1622
4278 801
454 4853
3989 689
3273 4078
1844 4508
3278 1391
2713 2735
3789 2684
538 4950
1632 3275
1208 228
4820 4071
2840 3218
3889 2477
4131 2261
3510 883
758 3681
3880 685
558 3544
4690 3702
4882 104
4144 1315
143 1396
4044 2617
3561 1552
179 1281
2898 3687
2384 3576
2053 4422
3458 2438
509 3589
643 4464
3208 4833
4855 3766
2213 4630
3130 2624
4317 4452
3185 1334
4567 3558
3646 1968
3984 2320
2893 3196
2805 1190
2851 911
1756 1758
3799 2446
1912 4794
4702 4023
4963 3809
3934 833
3247 2929
729 2939
2157 2671
3561 1306
2238 4712
3021 3154
1957 3452
958 2065
1478 75
2674 1791
4674 3665
38 4896
3199 3678
1189 1080
4880 2409
1279 758
3574 349
31 4898
3143 1131
2856 890
4457 3349
3190 1086
3035 3754
1957 324
4465 3916
281 2171
3007 1507
1592 842
3035 293
2278 3674
4822 4560
2554 1027
770 4881
3129 3454
3644 3232
3941 442
2776 4378
3041 3906
3539 2581
2621 3926
1963 3648
2558 91
2887 1201
4789 4101
846 4556
1335 572
1770 4432
3336 4823
1206 572
3658 4172
3891 2296
2480 4888
1586 2099
4669 117
1117 1257
1651 3955
1674 2897
1881 4220
3136 3978
591 929
81 3192
1022 4815
941 4751
2086 3639
3682 4163
1906 554
2292 4022
4513 874
4071 4309
1415 4419
2044 1536
405 2767
4884 702
3332 1438
3391 2995
3261 3932
3277 2403
939 3117
4535 2687
3989 4378
3721 4891
4353 4729
4728 3408
706 4568
1439 2925
864 3961
1306 3581
2396 4746
4820 170
2523 2493
93 4500
4316 4204
4661 1293
1494 1564
4390 4256
4568 727
4155 3566
4141 3555
439 214
4139 2682
3731 2010
4466 1740
2406 2441
3597 1034
592 3017
1026 4543
3140 2385
3738 862
2004 4591
229 4359
4102 3776
1009 2868
3144 4345
4183 4488
1596 4003
2326 1708
517 2966
1013 2802
3852 3763
644 1516
1227 2957
1586 3185
295 2113
2426 995
257 939
4060 545
4514 2822
849 545
132 340
2711 2074
2410 182
4057 1407
2887 1087
691 1720
4821 147
1133 3719
2245 279
3917 2121
4878 3798
594 149
898 3921
2961 4024
1579 4173
2938 1000
648 3047
4999 4256
4604 3001
774 4921
2719 2306
3868 4043
73 2960
4908 4648
1692 1810
1182 3368
1651 1918
1793 1126
4063 2176
1483 640
4221 3035
364 2794
3842 546
1978 3713
1485 1767
2375 3466
2231 2669
1705 1279
1881 1862
1276 2207
3631 1427
1170 1947
2745 72
4893 1060
4154 917
3001 3727
1538 2799
736 1331
1612 326
1333 4691
3667 3768
857 1874
4752 2175
4924 4726
94 3248
4476 542
4295 4193
4155 2562
2795 2953
297 4085
1280 1936
4497 766
666 578
3967 3878
716 2889
651 1917
384 1485
4048 564
3799 3107
834 3807
2316 3131
3916 2518
3348 4216
3244 2446
3270 499
3091 46
4981 4562
1932 3406
2957 2935
1266 765
1180 2032
4893 4640
1915 3224
1195 4736
886 3575
3057 2648
1414 4227
708 3389
3058 3810
1101 2706
3098 2970
3124 541
1980 1009
3294 904
3482 4308
4909 3408
1860 4377
329 1127
3257 4989
4493 3982
4069 901
3998 366
812 900
2922 172
2953 2913
1688 1539
4645 1420
2058 2265
452 1231
4801 793
1060 787
2436 1587
4986 2795
1449 207
2931 4351
896 431
4460 4202
2045 3704
3731 4317
670 2883
3793 681
4211 4078
2812 4305
821 1252
2835 53
1406 2609
2219 2017
1120 2857
3027 4542
3989 1976
590 79
695 3413
95 2346
2268 2575
1951 355
3273 2734
812 4352
2684 2873
539 407
2476 172
166 2091
3484 3047
542 578
1916 1888
3220 2255
4036 339
3359 4744
2997 2003
820 182
4739 1427
1911 1034
1287 434
3824 1800
1727 3370
4165 4777
4774 2023
4145 2528
4513 3353
3233 1181
4412 4765
383 4907
1671 882
4637 2716
4061 226
1468 28
4468 372
2517 4625
2821 2143
1133 4332
2904 2755
375 2143
2291 4082
3900 3164
2162 1307
1754 4795
930 2603
3863 1975
2482 3546
4078 2677
1237 4790
2328 3986
3710 4866
492 4083
3684 1193
2727 4848
1805 2484
3705 72
4426 2267
76 2245
2830 611
2484 3905
120 3753
3794 565
1177 2082
1290 1416
3818 2815
1012 4421
2653 2259
214 2781
3881 1078
3905 2802
4903 2458
3626 2092
93 54
1161 2739
292 4386
2259 4440
2013 2183
2579 824
2214 545
262 158
4389 2894
2126 3367
1908 637
4532 4006
4468 55
4613 95
2885 531
2587 4612
4877 4068
2835 4369
3901 1484
3054 735
3825 2602
1377 290
2599 1896
4118 1014
3128 1535
585 1601
1690 269
546 1414
1521 718
725 3334
443 328
1986 1202
1930 1542
4635 4322
3608 4423
4183 1406
568 3887
2295 3018
3591 3957
2771 2354
1077 29
3985 1231
3080 640
4352 1207
739 4349
3451 1903
4317 4313
4531 3868
2883 1574
2597 899
105 1499
4578 1629
1243 2522
2864 2775
4280 3044
4798 4759
3305 1428
3145 4451
4598 4332
2241 2480
1088 3699
1180 3228
3049 4576
2504 318
4833 2978
409 1786
1528 188
3943 1905
257 2607
1509 1988
3196 54
1192 3815
1777 4573
2844 4605
4859 1287
2597 2488
2252 4164
2275 4226
307 4074
2260 2399
3776 3220
3122 1617
1560 4701
354 2757
2557 4921
4602 1349
1169 923
1812 3655
4325 4376
2094 2409
3500 1547
1195 2253
2039 3349
3406 407
1884 2937
254 1969
3941 244
4619 1799
2609 4682
508 2018
204 2795
3020 2969
2123 3207
1473 1400
2591 609
2894 1322
1406 3360
1357 351
3356 3654
1131 2628
4716 1331
233 2738
4609 2734
1011 2831
1111 872
1977 4907
2449 1677
448 3532
3370 2369
3130 4234
2184 3192
506 3220
4876 1817
4841 182
1882 3765
972 492
1283 4664
161 4780
3746 1343
2608 4399
4442 397
2258 302
4984 2657
4847 203
4831 3010
4815 2701
2679 2206
1353 4111
2384 2375
184 672
1917 3248
3025 701
718 559
2977 4607
848 3384
2696 4880
3258 4906
1094 1865
1438 4892
1192 462
4097 2671
1406 4998
1434 2309
2073 1375
4397 1964
3932 1510
4118 3892
3171 388
50 4198
1577 2633
2401 1854
3391 1716
1201 1268
2561 4877
2647 1613
3778 3512
1527 3689
1394 3747
39 4616
420 4579
3026 3048
3030 2944
3978 345
3744 1360
560 2955
3925 4972
2876 141
583 2584
492 3357
2282 814
3859 3180
3462 516
104 3958
3897 2024
1741 3434
996 2461
2459 3686
330 4612
1377 3757
2171 3259
527 2261
4360 4060
1143 2425
175 3499
4539 4251
3963 152
860 3785
2451 243
3361 152
4691 1532
3786 4463
2955 246
1601 3864
1070 3796
2766 1329
4906 2179
2193 4769
4711 4550
2113 4554
2973 2172
4735 364
3146 256
1377 3041
3854 2371
2063 613
4497 1807
4315 3158
1947 4434
4718 2583
3591 1654
1862 4475
2480 1746
4481 687
32 3787
864 3235
3790 3271
4242 1923
6 3337
1589 4569
175 2440
1916 42
893 658
4513 111
520 1654
2498 3823
293 395
3004 3719
2478 1795
3148 1249
4314 4802
1771 2153
1364 2885
307 1469
610 1714
3526 2537
4901 3974
4996 1198
1664 394
1587 3882
4843 2265
1467 3274
4644 2467
3996 3193
2236 4476
1296 1899
545 321
988 1782
1274 3233
4012 4058
3142 939
3170 600
2822 222
2322 4108
1135 2961
1696 2170
4343 4374
586 2734
3981 2734
3495 3210
4703 4545
4892 1449
4557 1644
3572 1282
2625 4103
2113 760
490 2196
160 1322
1938 3062
1889 3625
4453 4654
490 862
724 350
361 3382
4524 1898
2671 4799
3881 4486
750 4898
2447 4028
1030 840
1136 3301
3240 3657
1670 1720
236 731
549 2116
223 389
1092 1506
547 909
4205 4746
610 1030
4031 1867
192 4205
4718 2745
4137 4207
4184 4083
2584 3133
4295 588
435 4328
3140 4771
4443 2659
4599 1647
4169 1813
4580 1729
2105 35
3145 4069
2725 4948
3851 4592
2652 4935
4805 4777
4014 511
4785 1583
2579 3479
369 2091
1495 1699
3796 4928
4622 91
970 4238
4782 3223
1155 798
4316 3412
1573 757
446 2231
3923 4163
2330 2513
2796 4155
3681 4354
1958 28
73 132
4324 4838
2292 1424
2096 3982
3805 2396
2298 2645
1337 4326
3813 247
3489 1638
4055 3735
1170 3390
3041 3899
1172 3381
3121 1548
3435 4670
2629 4439
1215 2328
2377 3057
4371 2502
524 4458
811 49
1438 3118
3965 3160
3721 2433
503 4237
2865 275
3027 4985
1278 2971
1766 1127
917 436
894 776
2917 3901
1772 2520
4064 750
2722 2335
3415 4709
1904 942
4621 3938
4661 4752
2476 1744
867 2129
2731 785
3740 2289
2344 1824
4894 897
314 2323
2283 606
1582 3131
1183 3480
310 4431
2957 4970
3048 3490
63 40
3083 2053
2716 3614
4903 2270
4606 1294
3604 2330
338 4721
4010 1812
487 3300
1204 2327
301 3360
2911 518
2517 188
798 1231
1154 3892
1054 2939
102 2874
1010 3444
3557 3161
1140 871
4153 2360
322 4573
2221 4979
3971 487
2866 1362
3079 533
1535 1380
846 242
1270 1488
1685 145
4606 4445
882 108
4042 3818
3596 3475
829 3980
3454 2217
4107 111
131 4329
4785 1798
2470 2694
4187 3568
2591 550
3650 2824
1610 3369
3213 4146
603 3430
3732 1261
1427 3047
2597 10
2726 1429
29 2391
2113 2604
777 4293
4148 1092
3145 1548
119 2066
264 2345
2051 1317
1754 2381
2872 4615
1422 1495
2486 3313
1570 136
1986 3648
4150 477
2026 1762
373 1020
1127 2943
4445 4428
4468 3969
3450 2899
3936 3239
4884 2649
4191 3374
1944 4240
340 3087
3162 587
1278 623
4449 2949
1423 4221
1915 4554
3877 4472
2899 1331
3615 3950
778 3872
2806 1495
1821 4032
4014 2460
260 4895
4310 1283
356 4375
4164 635
145 3186
2117 3483
636 4716
1618 2369
4688 1917
2565 2497
3421 2643
256 3322
2732 2214
1723 4162
3562 3135
4680 3767
1697 4194
2164 2803
1062 1860
380 2615
83 3888
4960 4747
1157 531
120 777
3318 4473
4838 2949
4557 1307
2181 36
3514 2626
3248 4829
2698 3519
4206 1588
4640 4709
4556 1142
2586 1035
3789 3471
1954 613
4158 2943
1726 3917
1207 3449
32 436
3627 3351
4825 4429
931 279
1988 658
3860 174
3742 2196
1405 922
3432 1643
3269 1030
4427 3470
4980 1431
1396 406
2359 710
2537 4645
445 3955
1939 4568
4821 860
2437 4315
968 3388
1828 4436
2479 4343
502 4840
1824 362
2068 2683
1548 1586
3206 310
4359 3477
4309 104
4063 2778
237 4318
1544 209
2207 2085
4018 51
271 1467
839 1312
3096 2826
4414 2379
228 1884
376 125
3159 3543
3159 4299
4803 391
505 4323
1237 2035
596 4484
4623 867
2453 1867
2774 1970
4599 370
1554 2311
2512 2886
1396 95
3858 3213
3446 4882
3497 1762
1073 4251
4322 4069
4742 800
2898 997
4506 3041
2486 992
3935 3844
4741 3092
4439 3915
4657 2945
4310 2589
263 3157
4356 1889
1868 1754
2461 4470
1157 1870
2714 3473
2865 4644
4077 2736
4394 929
4223 2481
4250 49
3228 432
2544 1521
4231 2575
1064 1287
1927 946
4408 763
4096 2472
2414 4325
3484 2465
2641 2098
2504 765
3283 4058
2594 4839
4371 3772
4045 4252
1195 2408
1902 4346
3993 2417
4957 1515
1932 4324
665 178
4358 1724
4525 2620
2652 490
1047 1705
3038 1219
813 999
966 4711
2800 3094
4718 795
67 1413
4801 3143
535 2973
390 2243
4684 4527
1177 2399
2964 1019
3692 4679
4075 4743
2632 2210
2599 903
3866 672
3978 3499
269 4329
3582 4348
2181 3988
1456 2727
2769 4441
4120 1835
782 2181
4505 666
139 3767
1382 642
3348 2791
2239 2878
2394 35
3014 4075
3099 4270
2576 25
4943 2165
607 748
3145 2669
219 4002
1675 3481
2720 3920
620 2002
1068 3727
2663 4937
4426 4168
4797 3131
4083 4298
3721 4904
3239 1419
1735 200
1315 2791
1855 2584
2245 2595
4208 2691
615 3466
919 4306
2962 488
2715 1367
3820 3595
2999 278
4567 2777
4976 3529
588 1853
4852 48
3929 3521
967 1765
2646 1034
1123 4410
4090 180
981 1595
4730 3351
1047 3479
3150 1726
1233 3647
3284 2292
2016 2215
3975 1239
4792 1554
2347 2165
2954 2846
4180 3893
381 1997
4631 4716
3015 1617
2443 1902
1184 2273
2233 15
3172 4964
1144 2322
4839 1220
300 2666
4977 2557
1928 4018
2245 2133
1016 3495
4378 4127
815 4774
549 437
3253 379
211 4532
836 4278
2967 3132
12 255
3713 3729
42 101
3657 1875
1591 2543
4637 2821
3087 590
3141 342
3939 3298
2674 1548
4519 3574
698 3578
4267 493
699 1643
613 4777
3606 3864
1305 809
4435 2659
2261 3912
3595 3911
1163 3271
4678 3265
2523 1498
3536 3670
123 1455
2870 4176
2667 1009
2750 3180
398 3121
2971 1204
3688 3844
4308 4572
3839 2835
1259 2580
2744 3174
3882 1191
2571 4731
2873 4002
2201 3823
2344 1399
2997 1819
4839 4908
1482 626
4252 1206
2961 55
68 4702
4689 1342
1843 1086
3772 1199
824 1856
3758 4388
3957 1999
1166 523
1189 4484
1228 3849
1737 2246
4959 4149
1142 1489
2787 160
740 211
4002 2498
82 2789
4375 4263
1251 4430
1339 1913
409 421
1818 2408
2433 1886
291 4544
2737 4114
2923 4873
2340 149
1222 2251
4961 3567
3987 3134
2869 1671
1919 55
2713 4881
3364 3578
1445 2405
4234 2222
2421 4424
1672 1322
4493 4603
4543 1246
4785 1459
3277 3818
2777 2974
1250 2712
4414 2446
3847 4765
1776 2405
4668 589
1669 3164
1949 4219
2110 4434
3851 3690
1564 3388
2325 2649
2854 4152
3540 4855
2115 4457
1795 4951
262 447
3227 2705
3587 2680
4582 4324
2939 3829
4803 3045
705 384
2282 1815
121 4387
2347 1645
3934 4578
4394 1059
2288 3601
4354 3871
1273 585
3064 4091
3308 1278
3863 2256
2626 1031
1342 4319
462 4326
3086 894
3703 3498
2686 4497
1661 302
2478 458
1612 4830
3901 1392
4011 3794
3644 4716
2398 4184
3868 4930
364 3530
1449 4390
2575 1589
4907 1693
4036 86
366 4438
4530 1505
3998 2365
1853 4144
3710 4311
1407 4832
1777 3445
264 2787
2042 1815
3469 2889
4589 2687
4410 4619
1450 797
4129 2020
4255 731
1758 3814
2625 296
4825 533
2255 3433
2844 3510
444 4627
1989 3552
4380 309
1625 1541
4295 4001
3031 3040
3752 3235
3550 2184
2909 2246
4783 3943
2343 4475
4298 1585
3970 318
4286 4058
3334 216
907 553
1295 1847
135 1055
3513 1224
3726 2906
842 1480
1669 1658
1735 1963
758 2679
307 1452
475 4363
2289 832
1 2382
1561 1444
4325 1519
2296 4207
4599 2046
4176 1553
1274 3726
1077 3334
1520 4550
1272 3391
298 3269
207 3702
2693 579
103 3758
3650 1604
644 624
3572 1889
2682 2910
2938 4741
3585 4950
675 26
4370 2840
2751 4366
2000 4860
310 565
2198 1725
4724 1293
919 4884
1630 2037
1316 566
850 2467
2211 2985
3268 4738
1584 4011
2935 3503
920 3065
2935 4348
2802 1360
1327 687
2378 2722
3596 49
4000 1684
3553 4369
1333 1031
3378 200
3917 4175
3393 1506
1705 543
3204 3477
4712 139
163 2251
2841 1423
1399 1749
4569 1673
3199 3271
1472 1499
3914 2380
3697 654
386 594
1346 677
3473 2500
911 3163
3828 1733
3008 2543
3568 4699
2667 4225
2164 996
472 3902
3649 3999
2333 1429
917 2786
2540 1092
3196 2800
3215 1183
2083 4406
1478 1583
653 916
1619 1025
3204 4846
4298 2358
3742 2344
439 723
3798 538
1212 1614
4961 1681
994 1182
4756 4257
4612 4593
4581 2993
1812 3811
559 3513
3934 112
3480 1214
2843 3405
941 3879
2937 2112
2181 169
170 1537
4192 1449
3717 4011
877 3295
246 1125
4898 965
955 4788
1699 3152
3548 3905
2443 1167
2817 2724
4517 4022
3040 3368
624 3466
12 1936
4319 1009
4949 2789
979 3536
2346 3105
2197 178
2510 2233
420 4937
1898 2116
531 207
3799 3724
1407 3100
4402 3414
4057 4909
2425 1457
3923 3686
719 2044
119 337
404 2003
1421 1319
1489 1735
1757 4919
968 1382
1423 4030
2172 217
3719 3003
4703 2171
4979 1593
2238 2469
2692 319
2678 4975
4444 4279
945 2160
1091 1608
4942 3864
1378 4204
47 4197
3417 921
3698 297
4509 4545
2438 1777
2425 3191
920 2028
2713 3192
555 2641
3051 328
1159 12
1028 818
550 3771
3858 2107
157 3030
2857 1678
4592 4678
1123 2279
859 3439
1013 1130
1803 892
356 958
4989 1845
1853 1560
4823 3451
1226 4396
1131 4019
809 1274
1675 3130
4463 2512
4194 572
1557 3784
1137 4824
720 2261
800 849
4141 4550
1149 2725
4830 2203
1025 3695
2920 75
3633 2154
1924 2809
4961 877
917 4765
4139 510
884 4662
2159 3106
4889 4193
3466 2503
2338 2943
3814 510
295 1832
2104 2242
606 2149
259 3904
1037 577
815 2627
1091 2868
2349 3565
2262 2169
4209 4628
1968 3313
1084 547
4230 4847
1722 2543
3087 4616
1597 1698
3654 1001
1648 463
569 1063
2521 3299
4941 750
1590 278
677 64
1402 582
1778 2364
2620 3489
4253 2859
1047 3011
3883 732
545 536
2486 1723
4367 1682
4405 3525
3159 4415
4486 750
4491 3260
4615 1111
3475 2059
395 1510
887 2104
754 4240
3881 373
4341 4407
1163 375
1534 645
1172 1415
4919 2848
2417 906
2680 2570
2409 1003
439 3396
1234 2856
581 1107
3239 181
1613 2476
1965 3780
1209 3956
1150 3822
1897 880
4192 4559
770 1656
148 2691
1884 3841
3031 2969
216 4842
4548 214
235 2056
4586 3594
956 2941
2581 4589
881 1754
737 1815
3011 2471
3243 2800
2980 2731
4359 3727
855 4946
3466 1346
2213 1410
2410 737
998 105
1323 2399
700 4658
1902 2192
4168 3456
2440 3955
2385 3454
3395 1637
1203 1848
3451 1010
3162 4924
919 4036
4452 1206
528 3019
421 17
4308 1136
4144 4106
1928 1550
1454 3666
3547 1873
2301 4755
1159 4551
334 2605
1776 803
1972 3728
3816 1287
1497 268
4999 1983
1747 3153
1470 3681
633 85
2199 4067
1868 2273
4393 3996
900 3229
2876 2539
652 3451
4363 1098
2893 1373
3328 494
752 3810
934 1650
1019 1438
804 511
2212 4173
755 560
4916 394
3985 2527
2557 3872
4603 1968
1703 1290
3610 3165
4835 3530
893 1495
1092 2262
3605 2419
3518 2792
4581 3944
436 1423
3578 3713
1589 4253
402 1712
4964 209
3957 1856
