5081
-9366
7111
1839
-8823
-3027
3589
9626
-318
-9978
-3821
8541
3232
-3484
8487
-3749
7100
-5192
-7077
6973
7160
-4233
-4842
-8474
3320
3799
-6645
-3654
-5593
342
-9355
4044
-6703
7727
-2586
6761
4698
-5018
-3234
-2704
-7682
9183
-2862
-5600
-5037
583
1274
1295
2772
1262
685
-2425
-9459
-8080
5011
-257
-8610
-4061
-4595
-467
2433
-9669
7294
327
-2736
-5152
8542
6591
7770
-2692
-2008
7661
4185
2318
4941
3875
7508
9013
-8131
-7309
3350
-6687
-8033
7397
401
-4345
5199
-3175
-4320
-8211
6964
-5481
1277
-5610
-7705
-8477
5071
-8611
-7227
5858
3553
6653
9275
6619
3349
-9675
-6566
-1710
7143
-2485
3319
1939
-6993
-7152
4941
1165
6776
2923
893
5768
-2343
907
6392
8098
-86
7763
-7205
-4736
-8792
-1772
3151
3665
-9441
-4288
5954
-6311
-5637
-7971
7437
8669
4764
-5576
1535
-6421
-8867
9607
6668
-4192
-8355
966
-7144
6078
-1206
3418
-5106
8291
2362
5919
54
9913
1459
-1315
-6857
4962
-1918
1826
971
-6203
-5185
-1059
-9257
5080
-7060
1644
5547
-834
-6983
-1706
-2749
-3485
6682
-218
-7705
-2525
-817
3471
-4139
7107
-3140
5010
-3407
-3630
-2179
-333
-37
-8212
-6646
8027
-9015
-873
-4731
4864
-3381
-3423
8249
9140
4772
1232
5125
8514
6430
-2010
8574
-3666
5562
-238
-1821
-6308
-5336
4380
-9415
6769
3160
-3027
8405
-748
-9439
3233
-8276
7348
2557
9065
6095
301
7830
2957
-2979
6604
3430
7527
966
6547
-3147
3479
8319
-420
1834
-5699
-5903
8277
9979
8868
-7999
6561
-9255
-9769
3739
-3684
2055
582
7797
-4265
-4170
6703
-7349
4107
6575
4935
-6041
-9657
-854
-384
8371
-9955
9125
8735
-3981
4777
5141
8028
-8288
9156
-2963
6741
2566
9989
1579
-3168
-6927
5601
1872
-2760
-6726
-5924
7315
2016
-1367
8526
1998
-9316
-9679
6791
9164
8875
1967
-9555
6077
2931
-9370
-6256
4328
-3693
-6358
7925
2970
5058
-2231
9555
-526
-8406
4288
7309
-7729
-8943
2853
-3726
-225
-917
4267
284
6075
-5302
9135
-6297
-5903
7869
1568
803
-9082
-5695
2468
4268
7400
714
-282
-7742
4759
-5205
-215
-3234
-2137
-1584
6048
8334
2536
-8240
-8016
-8402
9361
9474
8220
2649
3191
-9849
-3505
266
6144
7994
6103
1937
-9958
-402
6958
3207
1782
6501
-9976
-8550
4581
3594
-278
-6998
9275
8390
-8860
-9659
-3399
4947
-6167
6872
6151
534
-5536
2887
2073
-9161
-5571
-9143
9641
2609
-7167
5380
4164
-8496
4189
-8769
-3619
6719
1118
5774
-8935
1823
4732
4604
-9856
-6700
6441
-4241
-3358
4680
-9483
-9564
-5411
-9155
9778
-1053
-5825
-7064
8183
-2321
9720
7074
2692
-2355
1086
8948
-940
2951
-305
6467
-9850
-1669
3423
-3250
3138
-8535
-6296
5523
-1528
9831
9911
4996
-1155
-8149
-1078
8587
-2631
-5430
8598
6527
-2594
650
9827
-2465
-18
9952
-9581
9502
7400
2934
-9102
1998
7800
-7107
-9032
-7424
-109
-1688
4688
2890
4750
6233
6934
9211
-7658
-7474
1751
5095
5453
-1247
9117
3858
8269
3623
-8345
1584
89
2369
-3125
6185
-9623
-1087
-6293
7733
8132
2605
-2708
-4056
513
9528
928
8852
6404
-2876
3164
-7712
3003
-5950
3359
7019
1780
1279
4270
6483
5121
2765
-3087
-5655
8164
-79
5287
-1764
3866
-4786
-2531
4348
6606
-187
7283
4136
9379
3903
9633
-7965
-197
4876
-2303
4346
1076
7618
8896
-2615
-5692
-5183
-1021
-3649
6218
-7017
3448
-1025
954
-8648
7278
-8941
-5726
4753
1163
6717
7211
4889
5401
2576
-6200
-2489
6000
-8557
7030
-5383
-3835
8868
-4422
1938
-4121
-6495
-7255
-8636
6007
1365
9849
-71
-5157
-210
-6958
2096
-9625
5823
2534
-5203
-7182
-5647
3422
1805
-2563
-4213
7756
8021
-288
-9964
7163
8647
2257
6117
3562
-7218
-8863
1593
-5937
-6997
-5265
-1221
-7560
4673
-3663
7136
7757
-1975
-2374
1338
-5580
8009
-4814
3153
-2358
5513
-6594
-275
7777
-8488
-3962
8622
-8157
4931
7086
-9542
6742
-9677
-6430
-1483
1110
2522
5051
-5699
-175
-2196
-8933
-9211
-114
7885
4138
-2967
-363
4700
6221
3898
9067
8598
-2209
1970
-713
6083
-184
6260
3183
-1479
-2205
-4640
-1451
-3135
505
-8572
3078
7295
3541
4609
5440
7267
-3554
7633
8920
4834
-6849
6219
-813
-1769
-2069
8557
6566
5462
-4494
-490
899
-1977
2295
-6835
7938
-8736
-7238
460
-277
-69
1829
-4992
8280
-163
9246
-9620
-4000
-709
-7514
8476
-7684
4700
-3358
-6887
-2338
-4466
1381
-3600
3792
6009
-5567
-6112
5818
-8746
2008
6675
-6874
4437
8644
-1525
-8845
-1986
-8213
7398
-7844
2774
5166
9094
2623
-7257
1830
-7534
-5027
-3143
-2228
-1796
2251
3221
-4705
1729
5887
-6666
5559
-2021
-3587
-3039
-3224
-7186
-5214
-688
-9262
-3670
7082
-2654
-9964
101
-8518
5545
7942
92
-7341
6683
-1227
2544
-59
6279
9233
3202
-166
9063
3826
-1941
6839
-4605
7188
-4000
-7561
5742
1819
3320
2873
8905
-4559
-1191
-5650
-6867
8944
-9819
-8876
2414
-4367
-7114
-6453
84
532
4856
-7623
-392
-6528
5433
-3578
1452
4330
4528
9805
8208
6312
3501
7670
-5799
-7949
-6948
-2284
-4176
-4377
4633
-7614
9927
1141
5854
3453
8958
-586
-1696
-1938
3069
-5312
7031
6729
-1443
6396
-2299
-2473
8928
-425
-7064
2520
-4799
2122
2814
-6104
-8954
-6364
-3491
-581
2282
-3884
-6358
-6997
-865
-5490
-3410
9479
442
-1717
4770
-2337
8528
-1726
-3703
-323
-7041
-9132
-3073
4711
-3046
-8167
-3174
8289
-105
-3928
-1795
9070
-4943
6960
-744
-1671
6017
-7289
-7526
-5291
2976
4227
-3349
7087
7105
2315
-1299
-3460
1624
-3235
2898
-2307
9056
9036
5201
-2673
9470
-2799
-703
8860
-9117
6948
-1768
503
-6422
6070
-5792
-5030
-6313
-6024
3878
7724
-8992
-2457
7402
-7701
-9584
-150
3967
-9356
25
80
7123
5437
-157
-2479
-1055
1262
781
2206
-9487
2368
2486
6859
-7610
7976
1921
-9194
-7796
-767
8526
-2510
-3640
-9251
6170
-7496
-3264
8735
7098
1521
3577
5557
4
-9296
6585
2381
-4522
1643
9467
283
6223
-6717
-2846
8151
-9284
-1139
8092
-7589
-8670
2640
9743
-7162
4345
-1674
-5759
-4331
-5411
8959
4055
-8279
2816
4949
-3198
-9473
-2116
4628
1387
1158
-5249
-3769
-1789
-4533
-5052
-6256
8418
-7755
-3989
-7212
-6305
3456
9030
-2953
7685
-1896
5470
-3861
4255
-5164
-8298
-3505
7673
7626
-1608
-3930
-4408
-7690
-1552
5980
-1564
-3432
9343
3918
-757
-4545
3822
9444
2109
-4432
-3313
259
8824
3608
-3449
-4905
4226
7083
-655
3061
9174
-9896
-1532
-8541
6307
-1399
7131
6475
2749
-5283
5467
8035
-2950
-7796
5610
1162
7612
-8632
-6904
3139
5910
-2039
8981
-3891
7948
884
-1721
8739
8467
5470
6550
258
9508
8530
-5497
-9962
-2096
-260
-5080
5422
-4385
8658
6298
5057
-6352
3121
-2109
8300
-6379
4087
2476
2035
3997
8720
-4149
1967
2958
5927
5657
3307
9477
6600
-5790
38
9539
279
801
-9542
-7558
3189
2432
8713
-6404
8914
-4879
-2844
-8996
-2432
4108
-8735
-1868
-9659
3795
-9116
-1769
2373
-9714
-9149
1560
-9969
-5432
-3493
1098
3443
4900
-1450
468
3938
-7331
4353
-1463
3869
1562
7318
-1469
-6554
9319
-2825
4429
8576
-2877
-3038
-3089
-9288
7434
6935
-327
-3715
3610
5525
6744
-3985
-700
7247
-9241
8330
-7151
-2194
-4689
2919
6060
-7729
1395
4271
4140
-5164
-6806
-5414
-4407
8313
-7088
-8156
-6781
-3488
1510
8846
-5698
-3851
7145
-8183
-7855
2821
8820
6074
5095
-2907
-6036
6950
7658
7385
-7418
-3056
5985
5501
9709
-7867
1314
-5881
-6145
5644
-6423
7429
-5384
5596
5517
8670
8003
5021
9876
8125
6655
6054
-3851
-4890
6213
3782
8473
-7639
-6646
-7938
2791
1817
778
-8121
6314
-9689
-9762
9296
1608
6516
574
-6671
2144
-9657
6848
-1442
-9520
-6895
8411
9358
-6215
8088
-2604
-9404
631
2908
1836
8145
6725
6027
9916
6470
-3129
4238
8884
-2887
-428
-4279
245
-973
5892
-8702
-4300
-298
-3493
-5892
-4349
-7467
3654
2738
-9021
1434
-1124
-5200
5454
3153
-9466
-6161
791
-9936
-8587
-3714
3309
7838
-971
-9298
1485
-3685
623
5202
-1190
7835
-607
4684
4951
366
-5308
-4497
9973
-1452
1657
-8901
7576
-3789
-8193
-6841
7872
-3576
-4740
9484
4729
7349
-5848
-4134
5040
7618
-6279
4980
-3459
2966
7364
-5965
-1650
7231
-4775
5820
-88
-9837
-6678
-8421
204
6149
2345
-8494
540
-4116
-8738
1704
-1820
9775
9990
3823
-2461
898
8646
-4704
-4079
8095
-3194
-5726
-6848
-2039
1644
9203
-6777
1044
8316
4796
-888
-6636
-5614
-4778
-8863
6071
7093
6338
9212
6966
-131
5700
6268
-3608
-1550
4278
2675
-3514
7216
7969
-8477
-9970
-8048
7063
698
-2311
-9041
5523
4547
8826
5225
-8895
4991
-2935
3215
7038
8056
9688
3870
5006
5536
54
-5399
8447
1967
-3282
-755
-6051
3343
3740
-7355
-8438
-2437
9474
238
-740
-3960
4100
2284
2409
-8917
-5082
2783
-1691
9479
8686
2870
-6005
-7873
-9172
4093
-8425
4580
1272
8466
3506
3913
-4913
-5552
-3817
1091
2067
-3775
7719
-66
5332
3465
498
2655
1133
-4339
9927
170
-7426
423
8811
7650
6909
3689
6231
455
2824
-2175
-6470
-3179
3985
6621
-1416
-8813
-3590
6667
9851
-8521
7308
-3799
1926
-7149
-766
2035
3792
7226
-95
5100
-6361
-8097
4701
8843
-2735
4124
5946
-8098
9152
-6303
-6912
1518
-5457
9116
1383
-5988
-982
533
7575
-6685
9365
-1400
-7443
4534
882
-1673
-3227
1376
-3526
5834
-4757
3861
-8208
-9868
-913
-2280
5103
2544
2441
-5637
-9640
1512
-3306
-9508
4066
-8366
9128
814
4790
-4321
8301
-3709
-4791
-2195
7601
-7167
5934
-2352
-8221
8653
-3357
513
-264
6407
-4038
8310
8926
342
-8749
-3750
-5367
9832
-3420
-1295
-3934
-7511
-7648
-1639
-3515
-2431
-494
-3912
-4476
-9252
-403
-7480
-2869
-5577
5576
8695
4609
4945
9288
-4178
1787
-9127
9067
373
-8492
-2078
-975
8110
4795
5717
-6271
-6974
-9327
6409
7304
-7808
-1395
-1903
6374
6624
6905
230
8496
4823
-349
-7785
2186
3011
148
-1288
-4987
-5080
6563
3139
5487
6997
-8008
4945
-7495
-6275
4036
7874
6259
4804
-6431
7535
680
-4397
9320
-9618
-9049
-4210
-381
-7490
7729
-2393
-7081
-870
-8802
689
-5151
-4750
1348
3230
7100
-7869
6455
-1354
-3111
2137
-3508
5916
-5540
8233
4156
-726
6426
1053
1655
9860
-3253
7683
-6349
-6649
-637
-9378
5819
3956
-1039
6092
7720
-7236
3178
-8704
-7870
3428
-7503
-4951
7915
-1741
-9725
-4928
1813
257
8542
-599
-1478
7074
3469
1599
-9559
9941
1557
-6232
-7967
-3372
3068
-870
9211
-8631
5329
-74
-2557
6483
-1469
9496
-6827
-7405
8444
-3559
-1456
-115
9822
1359
7989
2219
-1934
-6164
5965
-1759
-9978
-2245
-6515
-223
-6252
3813
-609
-7018
1591
-3852
1817
-5668
-3495
1287
264
1608
1454
8411
-8142
-5383
7864
-8811
3126
-484
-2731
-1071
-6953
6746
-8866
4414
9624
9980
-4387
9248
-1591
-4524
87
7549
-9047
4637
1065
303
-5843
-9145
-7828
-5652
-4277
-299
9468
3736
4799
-4368
-2623
6247
2245
-5920
-1325
-9120
6541
-5078
-4666
5308
7429
-3377
451
1595
5657
3997
4242
-4116
-4902
2430
329
9013
792
-9991
7535
8112
-5678
4536
1307
7461
7020
-5733
9418
1105
-3906
8676
-8085
-3630
-2110
3898
525
2674
1854
-349
7809
7669
-1009
-9681
-2105
7384
1491
-8084
-7712
-7241
-3578
2391
-2328
-7087
-362
-907
187
-5798
2534
6830
6779
8120
-7189
140
4533
5356
-6331
4044
7895
1527
-9803
7988
-2617
-9844
8341
-4955
2686
987
9319
8870
2524
-3662
7115
-5222
9337
-7323
-6598
9177
-8938
6573
-473
1732
-9593
-6771
3623
-2969
9221
2955
-1507
7171
-4028
-1823
-3430
85
-3617
325
295
9021
-2003
-4867
1006
8056
6817
-5148
2707
4196
-3960
5886
-9774
2976
7777
-1747
-9547
1958
-492
-5177
-7853
-2272
-100
-9728
150
6647
3968
-4299
2080
-2700
-8167
309
4429
-1845
6321
685
75
2028
-6393
7472
6337
4727
2134
526
4704
-3584
4552
-7742
5861
6137
-9134
-1549
-4887
-6776
5440
-8342
5975
9699
3184
-3778
-7165
9841
8692
-7004
9744
-8315
-3962
3608
1394
5579
-5153
8512
9115
-6307
8159
-688
-9788
2369
-9037
-6962
-1300
-8333
-4647
-9515
-2912
3967
7240
3063
-3743
-1563
-4318
2652
-9238
-4946
-5199
9749
-1335
8436
-6400
5735
1956
-8664
-7342
2471
186
-634
-1889
1410
5137
9138
3222
6916
3422
-6897
-9448
-7623
6989
-9319
5248
1618
7070
5222
2222
2239
-4922
7499
3717
8133
8219
-9966
-2391
9689
-4823
7609
-2117
-7986
2485
3741
-5215
2275
-2740
8242
-7610
-7513
-6438
-6067
-5502
2721
2907
4104
-3892
3661
2419
2259
-996
-3659
-7119
2584
-9039
-7208
-6221
-1069
-4602
8730
5148
6599
9644
674
3633
8334
-9229
7042
-9619
-9972
233
-9647
-5987
-8851
3013
-1654
41
92
-299
9488
4185
6048
-720
2017
-6011
-2217
-9394
-1925
-6836
-2449
5655
-7123
2697
8493
7334
-9690
-3484
-1052
6272
-5940
9838
-791
-7102
-9936
3443
6361
455
-9289
1515
-9306
-8487
6550
303
6309
7808
-4075
-9270
-5015
4090
9288
-4329
1950
-5774
-182
-2896
-8933
2978
4515
5091
5750
7222
-850
2051
1257
1836
-2654
3236
6306
8277
-5516
1077
-2613
7092
-6711
1326
1368
2317
-4369
-475
8987
-7964
-3980
-9264
9218
4065
-8072
-4210
7015
-6304
2875
2964
7795
-3538
-7276
-2915
-3943
-1849
-1926
-2988
-1550
1129
-186
4154
5454
1845
-9142
-3842
-8074
-7419
7961
-9529
8443
6731
5811
-1756
-4781
6833
1642
7520
7967
521
-7736
3231
-5342
-6538
7911
3649
-419
-9707
-14
6620
4034
1459
4582
-8805
9818
-4892
-8878
-5594
-3830
1526
7959
-8888
2007
-7814
7396
-7459
6876
3985
-7362
-5637
-4452
5175
-3953
-9557
-9237
-7301
3970
45
5179
6890
6779
-5457
-4250
2474
-195
3007
2965
718
3464
-4843
-4592
-4658
-2194
-2901
-7286
-8979
-8998
4012
5968
8383
-5770
6361
656
2471
1647
-7904
3878
-9603
-1835
-6770
-1022
6445
7846
-5242
-6809
1612
-165
-3718
-1022
4954
-1870
-8025
7918
-3657
-7065
9474
-1658
125
-8762
9650
4392
6918
-8390
-7797
-6107
-1649
9899
4570
6065
-8874
-6342
3290
4116
-5972
4122
904
165
5821
-5595
-271
-9356
9053
-2057
-6524
6987
9157
7126
-7269
-973
-3837
-8622
395
5164
631
4276
-9768
5145
-2576
3674
-3638
5651
-1272
-4233
3158
-1297
-1670
1442
7172
2993
-7763
3501
8040
8707
5747
-3336
-8373
-364
-8292
4508
-9797
8729
-7148
-9626
1932
-5524
-8167
1557
6989
7291
6401
9216
-7467
-7576
5987
-3292
2739
-711
5367
1114
-8708
2754
6393
9624
7645
2623
-2927
3254
9287
-3685
-2978
8155
7905
-7757
5860
-1268
7282
-1687
-2243
-794
3435
6536
-9645
-6156
-3424
-3391
-6552
-9348
4955
-1545
4780
5214
-3565
6785
1731
9219
8383
-9418
2801
8295
3442
-3350
-7441
-6273
5371
4547
7641
4785
-4344
3925
-949
8827
7843
2228
-8200
-3768
-1552
4610
-4943
-5557
6931
-491
1135
-8291
4528
43
-8113
-8430
303
-4363
513
-5971
9088
-3623
8852
1642
-7777
-1106
-57
-5952
-1632
-788
9399
-3448
-1850
-1812
4700
6471
-995
-6089
9789
31
4526
3896
1265
-2817
3881
6078
4574
4946
-6944
479
1620
-2769
1154
8255
1239
6951
4891
-3920
-7263
-4060
1343
772
-2102
-6873
5373
9271
-9615
489
-7198
576
-8814
455
-4551
-7462
7969
1008
7480
9069
-9076
-7061
7536
-3327
5751
-991
-4111
6709
1896
-1804
2537
-1759
-7747
4715
2357
-9134
-5652
6608
-4622
-9636
-8247
7619
806
-3100
-3350
-5592
7318
-9819
7340
6832
-4163
-3189
-1769
6867
5878
122
-6006
-1991
7424
7627
-9113
619
1173
9699
-8283
1679
-4118
2905
-3863
-5481
-8451
6002
1234
389
-2404
3729
2378
9416
5084
240
-7361
2214
5860
-443
3322
19
-8624
491
552
8441
-5748
-7903
-2330
-3168
5924
2960
-5510
-6334
3286
133
-2875
9962
1644
3764
-7459
-2884
2872
8065
9981
-8121
-9175
-8457
-6849
-954
7825
2733
-5506
-6086
-6548
-2873
-9601
-9447
-9165
1644
-590
4593
4791
2261
-7380
6516
-4844
6898
1104
7569
3691
2155
7142
3968
-4991
8192
-5414
-4375
-9370
7142
-4105
-2548
-903
6601
591
2830
-5010
-8304
9675
-8079
-9928
613
-6102
7146
-1354
-8961
3571
5290
-4795
5055
9908
7830
-1031
-1934
4373
5126
2584
-37
-1664
5021
-8514
-3996
689
-4277
4982
8038
7127
-9857
-1147
1655
1787
8079
7605
-8309
8322
-7075
-4897
6156
-4060
-3035
848
-8369
-7712
-2565
4422
6979
8095
1261
-8186
-9265
7061
-9179
-1615
-6434
9610
4915
-5046
-2507
8985
-762
5570
9953
-47
-4791
-294
2176
6507
-9572
6314
7764
-9670
-1880
7631
1683
7872
-1264
-7820
5143
6348
-401
-8620
-1487
7748
-8545
-9409
-7762
-562
1918
-7681
1500
3197
-6044
-5692
1748
-6723
-8233
6606
-3375
-6835
-8801
-3083
2015
-4145
6846
-3827
-1630
-9228
4413
6637
296
-141
-650
-8517
-7794
-5547
9749
6871
-7203
-6766
-1931
-7889
1766
230
9820
6045
-6761
-333
1062
5050
4543
9778
7797
-3223
-7339
5659
2576
1471
3532
-2434
8845
-7306
7952
8392
-7717
-1101
-1100
3155
-3041
-491
804
3467
-6753
5562
-2244
7628
1376
-9944
-1719
-2644
-4940
2566
-545
-9177
-788
-1559
-4459
-60
2746
6490
1157
-867
-4652
2559
4645
9367
4390
7086
8349
-7030
-4904
1977
-1837
-1978
-749
-3775
9768
8376
2649
-7263
-8839
-5500
63
6711
1687
6001
9300
9771
1969
-9007
4887
-9252
-5155
-1110
-5060
451
6996
-4936
1635
-1687
-5283
-7435
-8779
1662
-9820
2168
-3038
5787
8415
9253
-4861
6963
910
-543
-5243
-5463
5127
7258
5832
8749
2452
2455
8645
9798
-6392
-4742
2879
-6029
-6136
-7649
7657
-9645
4717
8198
-9480
3449
3214
-5285
-3071
7251
-1971
3689
1903
5856
8373
5415
8431
4122
-1902
-1688
5585
-5489
9194
88
-1774
-6325
6319
-587
1141
7673
5172
-5671
-355
-9870
1204
-986
-5086
3142
-5619
2349
-5545
-5001
-7681
-2235
-5476
7787
4420
5905
6591
-9999
-8112
-6421
-4349
-3362
7995
-1603
-4543
-1143
6676
9800
6782
-6043
-9505
5501
-2586
-3746
-9054
-2973
-2691
-4199
3156
-3661
5915
83
3361
-6598
-5485
-835
-1494
-9187
3401
8475
7603
-6619
7520
-3456
8311
-7135
-1789
-4805
-2194
8172
5069
9675
5600
-4103
-4464
6250
-6179
6879
8033
9221
-5992
9260
-236
5473
867
8356
-9237
4166
-7310
-4612
-2049
6738
4767
161
1819
-2350
-2116
3177
-3534
6952
4139
-289
-1451
-1412
1253
3126
-5375
8429
2942
8545
-5143
3145
-463
6131
2866
-6775
6117
932
-5604
102
-4691
-5920
3104
3210
-7156
-5728
-7796
-139
1998
-7534
1870
5951
-6568
-5869
-3327
-4784
-6860
-4481
-2892
3317
-5195
3236
-7974
4364
-6338
-5131
9953
-690
91
1045
7310
8677
-1842
8446
4662
2173
199
-5812
9176
8642
-4807
-8108
-6303
876
4898
-2300
-7390
6214
-9938
-8097
-5269
6500
2577
-6262
-3742
8775
9149
-668
5162
-8986
4500
-8850
3060
9910
1480
-9283
-6513
-7912
2376
4626
-4046
7340
-7506
-8682
-7813
-9031
-2764
2417
-9240
-5916
6329
5712
4051
-6586
6286
-563
-3598
-9583
-7696
8311
-5148
8604
9081
-5736
-9913
-8833
750
2667
-3350
-7021
4848
3153
2982
-9227
-6025
8995
6788
-2456
-5766
7153
-413
-1673
8801
-6325
-8899
2119
4218
6865
-7400
8470
-7537
1561
4615
-2714
-7849
6917
-2556
3593
-1166
-6716
-9907
845
2890
-3161
-3293
-1860
8488
-6157
2629
-2733
-9639
9545
-2029
-4738
-9633
9558
-1038
-4638
1763
-9092
-8165
-8037
2659
-807
-3684
-9443
5966
-808
9290
4366
-249
1524
-3350
-9741
7859
8934
-4088
-7298
-6702
5806
-4150
-7285
7525
212
-2047
-3505
-2591
8465
4207
6711
4354
-1273
9471
6376
-1893
94
1243
4370
6069
-5043
9657
-5183
-7109
-1281
-1162
-6196
6237
1121
1350
-596
47
7327
991
4481
-4252
2709
4010
-1300
9668
4843
-798
-3076
1638
2052
-5485
4988
-3704
-4803
-2396
3600
-1774
-2829
700
-6655
-3299
5533
8707
6889
-8796
-5882
2987
-6524
-427
-5803
4377
-4645
-2881
1189
2108
2755
-5102
6460
7989
-4543
8267
6532
4851
2368
8646
5421
8406
-6999
-7586
-3418
3672
5142
-5388
-2629
-4715
-9093
8939
4241
7984
-8864
2149
2288
7192
-4704
-5235
5396
4339
7664
-9527
-5355
9643
-5037
6288
-3137
9550
8577
4280
-1479
-1718
6906
4914
-5510
-1292
-9989
-4010
-974
954
-4057
6635
-4079
2016
-2445
8276
-4406
8120
-7211
-888
-4610
-7522
-4176
-5547
-6242
6093
237
-8746
-8948
7444
-7564
2823
9587
-712
-7329
2412
-7901
-555
5879
-3452
-7025
-3527
-7631
-6715
4519
-6955
948
6619
2014
-9225
227
-3705
9129
-9702
650
-4245
3346
-2139
3600
-4125
-2266
-6448
-8223
-9856
-2926
-2652
-1864
3566
-1155
-8508
9994
9775
2464
-7096
3236
6041
-9486
-6428
-753
483
5220
1084
1723
8601
-1567
9843
3269
5425
-2849
-1792
-3927
4176
-2689
106
6908
9166
1214
-7683
-9165
7541
5342
-9251
6768
2982
-2023
-4970
-1593
-6328
-8336
6631
3541
-1872
-1084
9812
7365
-8194
-5535
9194
9249
-7993
6480
2678
-7204
9691
783
7979
7636
5461
6951
4771
-3666
-106
2765
6262
-2426
8217
4333
-1052
380
-9560
814
-3700
-8590
2351
-7954
-9898
-5332
6130
7614
574
-8829
-1701
-883
-988
-5407
2516
2364
537
7584
-4308
9405
-5734
4712
-6444
-1270
5490
956
3987
9169
-1194
8088
-5419
1780
-4662
-951
-5280
-1266
-1603
2511
7340
7797
4664
-8823
5429
6669
-6298
-2964
-4052
9349
3200
845
6898
4439
2787
2160
-3609
-6333
6889
641
2672
1455
-9325
-2713
-4885
-778
8737
-9802
-7497
-9240
6676
-6407
-7851
-3992
7321
-7909
-4620
3281
-6695
2743
-7396
-2065
259
-5677
-5936
-3424
7782
-161
-272
-6920
1752
6979
-5098
-6977
808
-7384
1870
-1846
3330
-6175
-3683
-6622
-7636
-909
-2091
-2361
6028
3997
-1383
1087
-8943
3962
-1208
-3530
1468
4920
130
-1074
-8780
-4355
5703
-9070
637
-3629
3849
-858
5593
3872
-2493
4649
-2459
-1830
-4031
3818
-7135
-5830
-1361
-620
-9157
9121
2107
2956
2340
8268
323
-7351
1955
-4494
-7821
-8869
-5582
1427
7135
393
-1487
8318
-8947
2622
-3767
-1189
3860
-1921
2899
4744
-8937
350
-2530
6581
3408
-4848
-1276
-9599
4369
5834
1869
6482
-1154
-3257
6512
539
8955
8825
1479
2557
-6048
-3693
-5170
-8834
-7379
5750
-1864
5660
-422
-2699
-7504
-2163
6839
-6193
3464
8114
-8739
6926
-3571
5195
8591
3183
8275
-7651
4587
4029
-9063
1687
-2555
-4289
-6342
-864
-3574
9700
-8209
-4654
-3991
-7988
-1006
6656
8550
2408
6626
606
7850
-6409
7999
-4797
-1687
-5506
6845
-3282
-9603
-3736
3768
5286
5810
-1659
-7841
-810
2954
-7303
-1611
3756
1007
-8471
-6440
-8238
-355
-6476
-7132
-8630
1396
805
-8814
-9968
8834
4137
-7600
117
7283
-6871
-476
4235
-731
-3309
8912
1672
3433
8905
8178
-1698
-3236
-4818
-3137
1982
-8624
8314
8357
644
4334
-2130
3075
8566
-480
7428
-6143
5588
6175
-8654
8399
-145
-381
1374
-1360
422
1879
-9349
8837
-1853
256
-2509
-3145
9483
1857
4965
2390
9095
2842
539
-1537
5613
568
8765
-5157
5260
4755
-7519
-2181
-1491
607
-2843
2913
3563
3514
6506
5366
-5901
-8027
3021
9095
-4303
1236
9132
-1984
-1832
4206
-1640
-1252
-988
-2740
-1522
-1959
4585
-2885
-6868
-8530
-3252
-6549
1574
2429
2831
2527
6709
6226
8208
4691
1123
7192
2004
-2478
-3262
5739
-5172
-7395
9043
1675
5303
-7922
486
-2972
9335
-4977
4857
-5458
-632
7413
-8049
-1076
-3761
-4763
4560
-1557
-9404
-8969
-9127
-5550
-8164
-8496
-2302
-567
-6438
4652
155
8046
7631
5734
2503
3885
-9002
2333
-8380
-2992
-3976
-1772
3082
-4682
5318
7601
-3800
-8390
-2047
-8925
-2746
-1733
-1561
-1000
-5698
7626
1942
-7566
7825
-8381
5897
1459
9822
855
-3716
-975
3679
2583
-4875
4747
-7974
1603
-1329
-9238
-6481
1625
6743
-1193
-5033
-8444
2973
-1857
5944
-79
8355
5130
6522
-7927
-1338
126
7817
-9630
1093
4756
1855
3177
-4842
1000
-5177
-9491
-4586
-7180
-8649
2539
3842
-9453
6843
86
-9676
-4370
-3942
1666
165
6606
5440
1097
-7112
-7060
171
9421
-8334
4254
2837
-7620
5431
-1177
6013
-5427
8474
6874
-6440
6860
6575
8334
-178
8483
4572
3640
485
-3518
8827
1689
-5783
-8926
-5856
-7658
4839
-2677
262
6637
7506
-3692
-8177
-2732
-9333
-5516
-7806
-3484
-9218
1469
-9533
-2292
9590
1821
3383
-6714
-8090
6943
4124
6729
-1382
-8020
-6254
-2925
9197
-3404
-8116
-9430
-7730
7163
-7969
5439
-8117
41
-9794
-4091
7066
2865
-9867
-6598
1007
2661
-7321
-372
2717
-4902
-8081
-7670
