10000 700
18
176
198
66
183
161
126
130
68
11
119
29
46
128
80
151
44
25
29
35
63
12
19
13
40
145
86
17
4
66
76
190
88
15
132
27
129
101
48
106
172
133
109
103
85
138
129
171
139
127
112
81
36
162
160
139
131
96
107
174
93
174
117
94
89
22
147
20
132
145
162
77
188
124
149
179
2
43
116
3
171
4
142
192
149
22
154
185
114
72
198
173
148
100
16
91
34
84
42
196
114
156
37
142
187
23
189
165
96
147
162
77
126
71
124
126
19
21
102
21
148
155
39
159
198
88
33
24
106
178
119
15
15
136
50
111
192
184
79
35
45
89
1
125
23
102
90
73
54
72
38
81
168
10
20
41
134
49
172
1
157
107
28
47
59
199
71
93
115
95
145
144
198
114
138
24
174
53
121
135
144
8
189
44
56
134
155
100
141
1
51
18
113
51
174
96
148
28
78
47
192
66
176
144
42
153
140
17
2
119
89
81
25
61
83
49
68
143
107
155
132
19
129
167
125
195
195
112
16
154
126
129
81
179
73
42
95
3
77
108
65
140
133
134
28
36
54
46
181
53
140
158
89
106
99
122
134
192
160
94
8
178
130
78
172
70
150
146
111
149
11
69
110
98
151
175
71
131
44
194
101
145
48
99
92
84
31
4
147
52
35
121
134
146
106
87
178
163
164
85
72
123
32
104
194
162
29
186
169
2
50
182
138
119
9
85
18
163
90
148
41
82
180
111
143
38
148
160
47
151
1
68
40
30
25
171
135
42
100
59
174
42
170
46
127
19
50
16
56
56
42
190
59
154
44
146
1
179
191
130
81
139
185
120
115
186
177
106
57
40
5
59
37
8
37
77
66
41
68
140
125
168
97
78
138
75
144
106
11
111
143
35
87
99
66
110
18
141
194
183
73
5
109
101
127
63
44
163
185
134
169
170
80
63
102
71
196
8
89
10
142
130
39
85
135
194
90
61
84
154
44
175
56
17
66
21
50
126
80
65
108
45
21
156
107
127
177
142
43
30
58
2
161
127
69
38
101
161
95
134
65
22
155
155
42
31
92
110
124
65
190
122
23
8
193
166
81
17
81
30
194
161
80
96
101
152
13
145
13
175
132
150
123
43
38
136
37
1
75
173
22
3
142
170
24
168
171
58
11
118
142
125
144
185
193
150
182
45
24
58
68
66
50
46
117
161
108
89
39
113
53
8
137
46
146
107
173
116
96
170
155
77
79
160
106
132
199
109
76
89
42
41
67
169
87
58
19
142
139
95
53
56
99
199
60
168
38
183
95
25
174
86
193
115
75
179
110
50
25
48
19
93
195
135
177
175
170
80
72
26
123
87
107
6
171
154
41
25
163
136
84
103
13
164
141
125
14
87
91
132
196
128
144
196
5
22
73
34
188
15
120
182
43
76
34
86
35
19
141
28
67
90
65
128
195
176
31
134
24
183
53
130
70
182
108
17
86
133
76
21
140
37
72
101
123
60
57
81
37
1
91
11
154
118
97
126
144
7
181
90
189
120
166
44
168
133
182
57
179
62
192
73
11
73
137
95
28
11
70
24
125
57
139
116
56
168
117
53
143
154
