3000 250
284
74
227
503
51
440
996
847
152
397
93
87
304
700
192
446
430
955
980
279
681
614
801
656
96
450
778
164
166
654
537
128
716
452
994
936
313
934
867
472
286
512
128
437
972
669
888
921
606
159
679
860
581
492
891
539
167
165
822
529
605
483
840
631
638
607
617
442
484
571
452
492
342
431
50
792
901
991
388
140
897
438
487
694
200
989
385
982
78
1700
387
294
817
327
986
495
587
208
428
536
271
783
591
185
685
769
884
135
290
728
753
618
240
205
216
919
920
693
737
662
62
728
959
341
181
901
285
882
254
368
992
155
184
985
827
122
111
881
872
455
550
852
983
773
93
127
431
843
523
429
117
865
754
365
660
304
612
772
98
738
664
572
276
374
545
181
122
394
404
623
631
294
931
806
162
142
120
558
781
621
928
437
529
773
242
693
595
68
557
356
98
430
832
119
854
310
842
588
396
879
110
678
114
951
105
756
333
913
799
265
502
600
144
517
883
307
749
915
162
842
259
792
99
246
378
145
255
186
955
594
138
413
396
153
689
418
113
956
480
912
871
419
819
671
66
411
890
672
305
153
656
123
900
557
56
866
216
633
588
859
316
822
471
668
611
907
570
598
327
188
926
492
175
375
755
789
687
714
704
452
237
712
868
840
398
225
778
64
304
288
995
262
236
827
805
684
291
688
158
988
882
208
506
386
129
465
596
246
576
198
573
417
168
110
840
718
143
287
455
290
907
340
896
646
633
175
857
417
511
410
348
527
173
339
653
917
493
670
731
878
229
327
529
483
750
644
402
120
565
911
448
159
64
165
894
568
127
286
284
824
63
388
803
221
366
308
82
288
631
511
825
168
687
970
560
981
235
932
625
318
260
261
297
544
66
174
215
102
81
641
833
714
658
198
415
242
617
739
762
491
336
732
360
256
857
461
135
809
380
54
949
841
531
673
902
538
727
349
277
552
100
129
497
444
442
528
106
181
914
556
563
77
545
172
386
74
376
911
108
635
175
181
949
919
414
823
311
293
90
176
552
656
556
601
451
519
325
805
782
724
500
474
926
337
483
251
594
540
441
356
722
486
948
416
204
945
667
650
810
504
129
299
690
874
185
402
661
61
989
960
771
464
617
870
926
814
487
664
547
834
149
403
691
394
588
289
58
769
277
240
994
777
286
383
956
241
908
909
584
964
371
649
416
452
976
513
648
571
88
717
100
292
152
742
225
119
858
852
565
286
513
715
973
711
609
429
890
635
848
727
337
607
377
680
542
65
735
839
993
420
426
88
309
543
256
936
68
502
721
829
935
329
881
750
516
237
334
937
812
848
703
797
818
354
396
615
201
387
208
975
628
946
550
161
287
533
75
436
709
637
188
739
986
419
117
527
374
847
514
144
592
558
272
627
403
199
675
379
919
713
343
531
300
456
716
270
709
71
138
786
310
988
333
428
953
782
533
697
366
876
940
283
675
452
366
765
684
764
758
785
146
717
162
795
260
958
579
483
119
510
889
578
758
314
656
544
515
831
650
849
154
172
245
91
259
877
132
941
941
215
870
520
307
632
792
579
126
222
347
379
805
567
401
236
332
631
909
837
455
310
484
459
535
354
542
51
547
995
219
181
241
849
753
667
850
571
844
342
542
566
60
466
443
979
224
162
165
553
399
354
151
810
103
530
856
602
539
285
788
277
125
50
667
755
973
687
807
501
473
57
862
645
743
614
749
706
813
347
429
641
717
819
320
151
308
717
400
159
446
391
351
316
320
711
220
935
341
687
479
380
657
994
553
478
983
668
320
590
215
963
510
602
668
161
408
788
190
720
684
416
902
812
151
310
816
679
471
563
296
909
216
382
466
896
533
429
775
718
75
365
72
795
361
903
800
710
506
802
276
463
522
122
681
606
941
664
278
671
189
135
433
585
258
409
195
486
973
66
445
719
602
415
126
994
639
707
550
777
731
788
90
281
189
529
283
355
493
338
128
945
879
872
513
166
249
375
810
939
931
610
767
526
874
248
631
777
716
124
980
629
115
488
353
961
759
829
842
589
574
901
546
922
928
98
939
473
850
397
581
696
354
871
310
559
816
164
438
735
632
792
800
926
456
56
354
157
531
692
475
412
411
431
512
603
616
350
749
505
766
775
766
644
116
676
701
142
569
634
609
385
745
53
127
929
121
567
869
86
815
164
709
657
783
52
169
932
95
161
619
392
303
446
491
543
715
519
876
59
999
426
617
408
452
400
545
559
114
783
649
928
967
780
566
529
506
697
801
873
117
747
868
264
424
960
615
974
157
623
836
465
711
336
109
461
181
372
114
384
991
537
286
357
690
974
888
105
576
88
119
333
839
945
814
638
743
227
643
560
386
724
343
439
561
586
562
651
694
676
741
504
577
99
781
329
186
547
247
758
397
144
989
849
474
692
133
955
219
537
174
379
759
140
933
599
970
579
965
925
794
326
86
761
298
159
310
742
869
699
611
405
780
857
941
935
498
805
888
540
185
278
424
729
662
393
647
517
363
879
319
944
989
176
421
740
480
355
448
772
618
988
787
508
75
55
603
486
365
676
893
629
779
340
811
741
973
877
109
952
158
831
989
143
463
927
603
699
575
495
739
939
958
265
371
789
541
968
915
367
700
852
910
307
423
742
427
195
481
585
407
422
473
461
922
282
836
706
926
961
757
119
105
444
754
300
536
894
292
719
300
904
509
62
754
284
860
416
142
660
363
385
159
152
498
193
431
960
403
471
797
235
886
171
549
702
465
292
608
379
884
856
410
910
314
726
484
973
470
603
227
508
561
770
824
945
611
479
766
545
480
400
185
489
793
648
180
546
397
467
115
384
345
273
376
854
962
976
942
334
822
379
901
985
483
316
358
890
756
273
381
189
476
465
799
520
300
328
432
570
977
602
936
265
670
422
958
394
764
193
310
726
644
748
365
278
786
878
594
976
470
513
408
484
523
110
564
364
822
743
775
127
266
822
925
358
190
331
766
667
850
368
307
555
658
745
649
353
890
896
788
983
120
624
839
220
668
779
160
886
969
932
679
938
272
230
878
326
235
544
288
509
767
761
347
628
358
803
782
971
349
941
500
647
179
175
725
355
101
491
982
803
495
875
537
294
317
687
862
891
615
761
960
250
377
110
869
700
654
614
879
677
514
960
486
176
253
861
280
262
965
117
447
141
825
720
79
517
962
312
637
224
826
977
280
790
168
356
384
378
344
599
396
582
881
803
497
597
656
180
886
481
636
504
232
259
887
310
871
949
542
55
79
430
194
258
907
722
794
831
143
807
174
932
786
958
688
703
629
944
907
821
454
886
751
348
401
703
631
132
374
973
125
517
140
476
799
937
521
86
554
627
213
430
431
350
842
952
871
532
508
266
693
482
306
695
526
51
526
818
221
696
910
983
136
233
425
694
276
816
395
546
284
941
161
637
626
965
86
374
187
240
898
955
424
732
249
824
982
662
727
604
270
628
307
836
67
224
496
936
318
455
283
955
291
109
138
537
355
228
174
604
955
992
907
756
440
740
889
406
857
371
912
371
325
478
557
828
554
228
148
936
158
623
272
181
953
488
327
461
582
995
499
908
303
489
397
252
987
383
101
579
270
560
778
803
602
530
476
607
250
271
786
666
231
241
216
775
606
251
86
900
372
364
753
186
532
720
777
640
601
963
181
605
119
924
927
245
756
150
78
360
149
738
833
849
953
618
985
77
452
711
826
155
997
679
530
811
250
332
260
53
642
791
963
841
282
501
174
477
173
83
385
114
201
271
893
188
125
755
641
629
635
164
278
722
659
674
995
787
974
369
454
131
592
236
459
660
382
307
998
234
593
245
226
567
738
142
66
753
241
384
833
397
56
478
185
146
530
960
834
281
900
590
353
570
531
238
484
906
134
731
908
669
751
700
385
89
96
806
832
777
528
408
966
317
619
312
780
954
344
450
936
504
447
181
65
987
308
94
466
441
577
594
476
709
160
897
997
604
723
290
943
342
52
904
870
81
365
631
725
330
849
123
142
682
288
536
365
96
246
457
912
397
91
106
496
141
241
344
896
603
74
650
253
332
736
584
701
759
156
945
658
57
991
414
876
338
823
455
342
735
886
803
491
202
905
634
156
545
964
397
743
315
818
255
898
835
237
963
69
433
652
255
433
804
678
227
442
253
216
100
790
717
243
484
209
295
200
955
988
307
252
790
325
294
166
838
203
170
526
599
279
407
685
358
268
855
635
88
167
134
591
937
347
535
78
191
704
53
765
946
658
67
863
912
706
240
195
848
119
367
200
959
279
650
177
620
950
669
797
437
898
600
785
583
928
312
372
778
972
68
252
160
476
224
58
814
296
240
263
848
532
622
676
385
455
149
694
531
333
879
134
954
947
895
331
997
152
122
586
173
822
911
544
371
754
809
166
314
653
914
185
617
635
613
620
59
443
118
841
319
658
194
284
63
839
889
643
330
163
94
802
976
965
162
537
398
784
720
230
814
930
618
587
685
578
990
571
961
710
190
273
945
477
413
888
598
233
306
285
655
439
288
628
654
791
531
810
436
726
680
468
332
360
472
245
506
500
505
314
706
735
232
481
404
650
851
561
685
930
571
333
608
125
92
759
148
140
233
108
407
366
137
583
386
498
677
145
218
633
63
387
825
422
449
278
651
440
485
284
68
482
665
514
509
809
772
69
151
130
874
650
872
519
679
152
468
787
703
718
707
633
849
965
929
659
155
419
76
514
680
460
852
306
914
647
538
977
302
788
858
70
107
861
791
309
976
133
523
328
273
137
167
563
124
325
604
296
152
716
933
634
812
567
707
375
215
967
327
884
831
703
870
150
305
279
70
198
398
644
439
587
78
528
57
638
411
431
613
704
431
158
641
350
268
681
577
475
566
365
76
877
729
249
718
695
117
108
422
342
323
426
215
346
875
571
170
245
301
771
757
132
57
283
981
517
975
313
926
978
668
254
342
69
619
693
513
421
396
405
824
442
720
722
389
252
188
286
788
284
722
870
438
959
676
570
744
898
282
886
897
812
731
762
442
861
514
371
969
692
375
390
108
915
595
824
380
245
54
196
290
625
255
504
206
210
387
212
270
695
91
433
456
793
447
420
972
182
553
466
355
399
507
175
133
861
981
692
129
907
298
210
776
159
275
198
955
798
501
472
763
856
455
312
861
742
608
554
876
163
762
982
349
680
583
462
984
195
184
960
373
758
768
336
707
356
899
318
143
416
169
418
195
957
986
227
533
499
92
567
144
688
782
291
843
369
129
726
717
841
858
274
467
753
547
581
253
117
127
651
674
818
286
671
634
612
913
632
376
281
659
300
609
587
181
633
997
333
623
225
332
202
548
492
371
120
667
884
205
711
129
944
51
212
676
710
957
184
969
695
879
449
288
297
108
583
934
184
116
907
504
548
801
76
771
550
642
654
680
225
743
240
896
740
826
877
391
382
124
430
266
676
689
179
518
658
699
103
616
497
609
761
281
958
424
164
901
914
66
365
195
95
569
831
543
158
258
170
766
624
679
487
526
427
781
732
394
513
94
453
559
798
222
420
396
457
822
704
460
414
514
643
589
280
470
56
371
963
75
159
687
91
501
300
609
569
774
694
175
807
895
795
730
905
866
769
541
407
105
534
847
223
934
901
741
307
644
127
716
402
653
535
408
785
630
570
108
717
659
904
714
442
715
784
901
752
525
534
102
745
267
569
321
935
476
914
731
838
165
870
241
433
759
881
964
448
244
916
888
794
746
243
590
386
891
988
427
622
811
140
605
456
180
677
273
789
839
310
262
362
176
689
532
361
684
178
637
243
142
884
622
792
644
560
476
201
760
672
570
109
735
499
632
360
297
378
655
839
259
808
597
734
813
524
398
530
742
937
862
75
280
524
752
96
523
651
199
981
708
456
82
517
861
683
700
401
998
397
205
226
770
779
774
613
900
890
653
943
387
144
951
584
697
234
405
592
101
742
840
558
167
830
250
938
339
668
491
474
921
764
263
898
70
361
398
279
700
445
130
392
957
423
713
441
805
798
657
289
730
765
531
691
168
411
98
117
477
456
639
589
260
607
734
824
777
744
664
219
564
877
611
214
490
982
56
106
736
922
649
414
326
596
369
275
865
914
840
267
700
507
681
966
825
567
559
925
175
271
457
444
454
430
732
310
738
931
305
686
912
529
200
242
196
167
315
369
688
135
722
158
64
382
193
324
816
340
313
384
219
234
116
823
596
112
987
196
371
205
178
650
864
887
83
788
266
429
540
495
562
480
256
300
204
671
472
722
66
394
471
183
334
110
236
570
702
824
440
920
101
65
901
115
330
286
505
329
492
886
265
402
520
995
135
807
922
289
574
981
684
653
984
665
109
862
610
999
454
370
267
386
790
396
310
511
944
939
292
339
890
925
229
959
332
577
631
621
378
901
870
349
172
356
124
507
514
739
376
399
247
565
105
917
979
734
580
131
68
925
476
497
802
471
614
400
749
347
123
548
225
491
783
482
122
627
416
178
155
340
441
626
894
898
979
197
772
785
286
995
579
135
668
848
784
864
160
209
876
573
461
943
458
373
249
467
210
89
167
788
438
84
816
608
68
377
663
357
372
395
765
611
600
385
268
963
769
401
569
135
468
391
762
233
286
382
410
281
150
250
920
118
649
995
738
490
686
645
702
742
78
768
145
271
536
177
826
156
305
663
210
858
753
875
840
455
642
730
192
470
115
781
935
784
691
233
218
994
106
361
976
338
787
612
122
196
230
471
248
303
959
259
525
322
185
471
418
389
987
599
322
312
333