3119
-2442
-5502
7558
-3054
-9363
1636
7785
-3851
5058
9722
3800
1799
-8419
7315
2680
3408
-9547
2900
7153
2336
-7988
1462
6935
-5864
6957
-501
-7473
6287
-6510
-8197
-9712
8451
9294
-2740
-4226
-6843
4597
1966
-9372
4681
-300
5164
7442
-7796
7497
4262
169
-4911
-3572
1485
-8891
-5623
6202
35
-3709
2089
5431
-5765
-3549
-8112
7931
-7390
1572
2162
7459
1860
-1483
-6125
5575
-9993
9239
-6005
1244
3644
2445
-6174
4020
-8197
-7740
1215
2692
-6938
-5648
9639
-5414
-5410
-3821
-72
5761
6649
-1254
-5873
-8751
8248
2165
6072
2598
7084
3991
-4704
-9691
-165
-7483
-6113
630
-7862
-3999
-3329
6818
6708
4423
3951
7205
349
7438
-5949
-5583
-791
6370
9486
5585
9093
-788
-6682
5503
5482
-1137
7010
5067
386
-2970
-2443
1848
-6290
2427
-1415
171
3082
4561
-3645
3044
-6154
8620
-4915
-6373
1882
-2528
-9571
3569
8950
-3607
2357
-8607
-7162
-4996
-6596
9802
-108
-3181
4818
-4013
4057
-5650
-5182
-3422
-3539
4350
7074
-89
7930
-8426
1285
-2376
9897
-717
-2551
-8068
2403
6247
-3054
-7023
-4374
3172
-4295
7022
-291
4294
1251
-7965
921
3808
8709
-4707
8369
-5486
248
9325
1520
4819
-543
2011
356
2462
1307
681
-9323
4323
4189
4457
-6497
9028
2061
-473
141
-5661
-4810
-6358
-846
-8586
3271
26
2830
-9551
-1148
-5441
-1956
8437
-6350
-1687
-9488
-195
-6035
8495
-1563
-6493
-5889
6452
-7714
-9819
427
4607
-6843
-1458
-3960
-9680
5385
7707
6792
-4868
-2092
5908
8410
-1959
-1419
585
4396
-4060
992
7111
3860
6692
-8436
-5591
-69
-4629
3955
7442
-6291
-8417
4006
-732
-7900
6574
-6751
2960
8333
9520
-7182
8741
-2259
7707
5290
4497
5621
6316
7090
4272
8942
5913
1039
-1766
1722
1723
-1949
1975
-9248
-5305
1226
2471
-3052
3003
9412
886
-5189
2653
-7800
-1911
9881
-5949
3517
946
-8743
5943
4731
5953
-5107
2656
1452
-4268
-6081
-9481
-560
-343
-1227
8800
4468
-7373
-8809
8810
4201
-2946
-6130
-4460
9460
5608
-7855
-1654
-5706
9228
-4881
9284
-5995
8148
-5586
2825
-5912
2288
2888
1898
-1923
3834
7040
-8776
-1990
61
-2140
9496
5004
-9400
-8339
1987
9110
-9927
-9374
-4515
4516
-3608
6226
-2147
-2600
674
-6009
-5739
7306
5117
-4808
-4337
-4427
-5792
9818
-5696
4177
5343
6371
-777
4709
8930
3937
2810
4257
6138
-5529
-4745
4961
-5342
-8291
-4395
-8409
-6848
4870
-5302
9920
4980
7300
2727
3087
3393
5232
4879
2298
63
8003
-1846
-8279
9732
-6646
4231
-9505
1160
-8051
5432
-2690
-7371
-7520
-4396
-9569
2284
7993
-1243
1031
4568
-93
1050
-1007
8799
3770
-682
-5605
5335
2007
2099
-135
1918
-4271
9528
9029
-5827
-5595
390
3247
-5993
-2292
-4815
-504
-605
7491
-9655
-4945
469
-592
-45
-3699
1198
4151
7375
-9162
-2389
-5140
2583
9571
380
1979
-7464
5103
-3248
2711
3641
8702
-9549
-5825
9426
-3433
-1835
4079
9345
2977
-1958
9697
9534
4627
-9835
3434
-4227
-6011
8691
-8128
7024
-909
8859
1398
-3070
-6924
-9236
4709
-9585
5815
-5009
-8516
803
3814
-6877
762
970
6650
7495
8985
1076
3314
-5754
-4302
3481
2354
4721
8069
-3549
4413
6899
-832
8521
-9309
-6176
-3968
2226
4304
-1126
-9305
-1837
4266
-7317
3978
5139
6033
-1697
-1448
7427
8796
1632
7112
-7404
-3783
7517
9370
-6280
-3023
4718
-1265
-5604
-8782
-8028
-6061
7764
-1072
-3891
8710
3174
99
4731
9081
921
2082
-7393
4807
6985
5210
-5237
-8277
9780
4141
-1875
-658
1583
6982
9008
4609
-7887
6073
2102
6194
-493
6679
5027
-3186
2127
-2454
3309
1080
2828
-1419
-2608
7765
378
-3647
-7834
2960
1761
601
-4259
-3385
-2126
-6792
-5968
-8304
3220
-5395
-2773
9906
5789
-8954
-1842
-5584
-5890
-5301
4958
-4561
166
-3491
-4059
9470
-9345
455
-6922
3923
-4071
-3924
-4932
4801
-6115
-338
-6249
-7688
-1372
-8431
-2637
-6393
311
-5138
6962
-9973
5973
-2436
-3237
-8040
-8697
-1261
8493
9932
6660
8722
-3574
6559
-7899
2874
-9054
-2111
-6033
1446
-4113
8898
-9848
5988
7646
-28
7842
8785
-2454
1919
9937
-6200
-2120
-8217
-4220
3857
-1418
1616
-963
5759
-6608
-858
-7856
-4893
1452
3750
1933
1110
8389
-1396
-8088
-9941
-5123
-7652
-2736
8480
5451
-283
-7778
-5567
1805
2025
8081
7276
458
-2738
-3635
-4722
4931
-3795
7904
-7201
2765
5997
-9189
2490
-4168
6368
-5782
9322
-483
-1620
-442
5501
4577
-7754
7738
3445
6884
-2048
1537
-8503
2541
2922
2519
-2935
-7265
7419
6589
-8455
-4548
6933
2484
-8984
6023
-2578
5517
1551
8888
-4513
2212
8395
9357
-7369
603
8507
7395
-7682
-4244
-5490
934
9489
4449
-7447
-9706
7366
-690
961
6466
-2198
6586
6139
-3114
396
3829
-6326
2473
9984
7201
-7071
6342
-2211
1363
-4324
2292
2736
2912
3573
-6376
-3224
5088
7328
127
-2607
-7838
-802
-7559
9140
-9181
-3126
-3328
7462
4157
6492
3540
4261
2111
-4551
4782
4943
8253
4918
-1769
9031
5194
-2587
-5086
-4029
7394
-1384
-9325
-832
-2426
-2058
2457
903
3807
4549
-6220
-2292
9524
-5568
-677
6864
-1303
2719
-6451
7789
-2129
7440
-3347
6416
4491
-2995
8888
-56
8865
-2623
4740
2966
-2697
4873
4405
757
4081
-9898
-4777
8836
-9269
5233
-5603
-4868
-7833
-110
-3513
7930
6506
-1702
1524
-1872
-2717
-6299
8387
6030
6915
-7383
1111
-5441
7003
1235
2955
3414
-1764
-7156
-7049
766
-8850
315
6700
-3412
3827
5365
-8673
180
-4786
4989
824
-1207
-4359
1178
6604
-6012
-7747
-9142
-9305
-6098
2507
-5383
2610
-5032
9947
7386
9791
-9968
-2749
-685
309
-2522
-7998
5055
-458
5997
-7396
-7748
5391
4376
-7759
1325
874
-4750
4425
6355
4502
6275
-8975
8580
720
-9986
-5726
7895
8835
9901
-2231
-300
8007
-2814
-4162
4420
-4446
-1027
381
-4489
4949
-1947
-7007
-2017
9605
-1314
-6650
6718
6766
7694
-5485
3418
-6264
8262
2747
2284
2650
1856
6619
-3547
-466
31
3260
-7710
8650
537
-7469
-6443
783
5335
-8999
-8537
-4270
-7010
7394
-1894
-7847
-5337
-7888
-469
-2550
4460
-3746
5960
-702
-6207
-8336
-3146
-4495
-7189
8935
8150
-9394
-8232
-6206
-8266
2674
9072
9270
4371
-1461
-5389
-5604
9141
587
-2820
7637
-8524
5443
-8714
-6538
-7771
-8271
5967
3537
-5205
8010
-8028
-4118
-5085
6710
-7622
-7000
3412
-6188
1875
5180
4310
1952
-9310
-8787
4556
9933
6841
-759
-9476
6119
-91
9118
-5166
-7988
-7636
8518
-7294
-2769
4048
-8900
-8292
9666
8360
-1090
-2753
-7685
-9119
-5501
6597
5207
-1319
1045
-6492
7259
-342
-6844
4332
-6350
9020
-6141
8133
5280
8993
-450
-8679
-778
-850
7299
-2041
-9230
8315
7077
-1258
-1338
-7829
7752
5938
3743
7706
2545
-6925
-7950
80
9678
2242
3997
-82
1447
-3541
2116
6312
-118
8300
8569
8098
-7793
-1233
6409
7625
-8907
-1435
-5036
4477
6619
9050
7058
1619
8076
8290
-5380
9151
1619
-7818
2605
44
2756
9401
2297
-188
-589
-8924
6744
-4635
724
-5275
9052
-1898
8431
9991
7160
-9357
-6613
6715
9698
-3971
3454
6345
8453
-4758
-6133
-5630
1281
8886
-5875
2143
-2530
3641
-8137
-298
5585
-5028
3419
8600
-1878
-3979
2877
-365
-7241
-5404
6511
-7011
-7873
-3338
4979
7085
9972
2190
5420
555
5863
5875
5049
3943
-4192
-5084
2195
-4147
6892
-3922
-9482
-463
8181
-2097
3964
3411
1885
-3476
-1674
-7035
9298
-5258
6233
9350
3782
3200
5744
7677
1351
182
4221
-6234
222
-3598
3652
4908
-4748
5977
-8343
831
-7331
-1826
-9861
8720
9198
3335
-8859
-3031
-3772
3440
-3537
-7444
3594
1229
-8437
3193
-745
-9163
-4146
-1350
-8452
-7272
9390
-6498
6891
4929
8881
-3364
-4453
-9326
-9965
5189
-1866
6220
5761
-1367
-1388
-5771
-1518
-6610
4767
3217
-3085
-4786
-4018
-7165
-5762
-5198
-3098
2046
5224
5180
3616
-5105
1032
-4896
1908
6683
-8320
195
3649
-6496
9284
9494
3682
6017
5148
-5365
-4450
1358
1291
6161
-3956
5267
-2132
7171
9227
9720
-5100
1855
4643
7115
-3433
-595
3525
2111
-7660
2388
8320
-1868
-3993
-73
8298
-9513
-1064
5300
-1571
4788
-2665
-6714
-8034
-6332
3088
118
-9101
5810
-6270
6917
-9322
8088
-1944
-7777
2944
5652
-9106
-2329
7924
-122
-6935
-8811
1764
9085
3995
-3263
8168
-7578
6153
7514
9687
9080
-9227
9324
7862
-7635
-6398
-1613
346
4602
-3037
-8121
7415
-9455
5321
-6294
-5859
6012
-1929
5979
7699
-2101
-6128
-8421
799
-4004
-7501
-8386
5176
-397
9054
4935
1265
6394
-5278
-1501
462
1996
6223
8006
7677
-7700
2460
6517
5062
-4557
-4655
5540
-5903
-8281
-9453
-721
4512
-5174
9384
5409
-8784
9879
-4489
-6438
-3247
8825
-7691
-7937
-1054
8141
2916
-3360
-5973
-4340
4040
1687
-3863
7372
9717
-3306
-1597
919
5729
-2933
-9337
2778
-2139
-923
-5224
5031
5668
-3435
-5795
-3118
8112
-7256
-6258
-7295
8957
-4739
6341
-291
6812
3731
-6420
-8802
-1553
-4995
-7427
-2482
6160
576
-3806
-1421
-6606
4239
-891
-7231
6932
-7458
-697
-1926
-105
1663
4366
-4693
4139
3438
238
-1515
1477
-3816
-2449
-6844
7545
-500
-3047
4680
-4861
4755
-3552
-6339
8726
1758
-1386
6288
5973
3125
-1677
2264
-5163
-9614
8208
-1360
-2799
-7787
5362
9534
-82
2050
9493
-7005
4763
-2596
1435
-9338
-6102
3796
-656
-3311
-2904
-640
7335
4716
50
-1950
5155
-5465
-1273
-2421
6380
-2626
-5717
5644
1146
4823
3726
1942
3426
7956
-2375
696
6567
9001
-2574
-1150
3176
5386
9993
-6927
1947
2850
-7685
4681
-3133
-3050
-4405
350
6982
5689
1910
1254
1570
47
4930
-7959
3626
-9564
1414
-4886
-3727
-3988
9351
-6146
5443
-6205
-619
2801
8377
-2465
8375
2521
4242
3797
2188
3477
8662
-280
9256
9126
-3582
-234
9703
1026
-1066
-2164
1737
358
-1079
8820
-7838
2508
390
-2995
-260
-2881
-7647
-5778
-7911
8785
-9052
7347
8344
-7892
3749
356
-9164
1280
-2051
1210
-3557
286
6778
1867
7777
8108
5949
4037
-7250
1023
-3179
-2528
9402
-5013
6633
-5600
9733
1552
4900
2391
-2376
1878
-2222
8526
-4179
9095
-2988
2989
-6785
-4566
4335
-7964
-4933
8750
2502
3334
9634
-6630
6271
-8911
-3840
1439
6519
6301
-466
-5321
-5256
-5033
-2922
-1284
-144
7084
-1331
-7455
-9982
-3663
-3371
-15
-3647
-8932
-5849
5163
3258
4124
6133
-790
5520
-4920
9211
9178
1456
-9045
7229
-862
8470
-3711
-3839
-9449
3838
3561
-7855
-2383
-1259
-920
9147
-9831
-5114
-906
8912
5662
3875
9117
-5939
2099
-2148
5770
7649
-8312
3082
8727
-3500
-623
7041
7842
5434
109
-3178
-321
-190
-5239
-3165
6592
2957
-4459
-7751
-9057
-8465
-2874
7151
-914
2987
-400
-2931
9066
9068
-26
2170
-6717
1561
5127
9829
2795
453
-3841
6726
2571
-8480
-2431
-7527
-3613
4637
-5790
3461
374
-1404
-9530
1626
8248
1813
-6574
3523
1080
646
-5531
-4739
-3172
4111
1444
6257
-5292
5392
654
4358
-3737
-146
-9096
-5458
-724
4516
-6725
860
7746
5657
142
-7980
-8930
1026
1625
6290
-952
-2813
-7623
1150
-5581
1425
9864
-7157
-4051
8569
9365
8916
9270
-4186
-3130
8425
4313
-8768
8012
2603
-1904
-328
-2908
-9268
9517
3015
398
-7021
3342
-4663
6323
-8085
-1596
-3805
-303
-369
3791
-5335
6792
618
3398
4704
-828
-5711
-723
9483
3302
9983
8988
-3911
5993
6089
-7526
1301
-1068
-3534
-9319
-9608
1710
-211
-6409
-2908
8448
-3352
-6334
-831
-1130
3556
148
4251
-2876
3774
-324
-2414
-8709
-36
-7825
6052
-6523
5549
5078
-6163
-9791
-5579
9825
3799
2717
6703
-5741
-1797
-84
3560
-4108
8410
7551
-3385
1342
-8863
-3022
-306
-3591
2513
-3122
8431
7689
843
2313
9035
-2716
-1339
5954
-1733
-35
7565
-9114
7495
-1957
9197
7517
4908
-3790
-8127
-3505
5370
2273
-2191
-9160
-4870
9281
-5492
9999
-2145
-1208
-4415
-5147
-224
9661
-794
961
7931
6089
5338
1067
561
-3187
7256
9065
-8076
-7319
8567
9372
5939
3791
5455
-9491
-1125
6825
-4885
6172
-6947
839
8247
4104
-7997
-6615
4117
-5386
-4290
-27
615
758
-436
9682
-1682
-4699
5836
-210
-7180
-6630
6547
9750
-2802
-5099
-3915
-5705
5726
-5985
-2229
-331
-4239
-9421
-7437
4083
-9794
-6882
8039
3820
4630
9250
-159
4758
7350
-1705
-5025
-8604
-127
-797
-1914
-880
-8596
-6764
-1250
5639
-6640
4452
-2715
7779
-8614
7504
-5895
3534
902
3738
-2069
8943
-455
-8694
6322
3296
9132
-5208
-2165
7233
4797
-2930
7472
2597
7996
-1341
-2153
3917
7202
387
-3370
-164
-7203
-9012
2462
4190
-2115
-8183
5779
-170
7388
-8975
6320
-4179
-3440
8234
-6654
-3592
-7885
-5157
-5190
193
-3722
6157
-7114
-4629
-1818
7285
294
-9727
1013
-8985
2510
8418
-2211
-609
5179
-9269
867
1870
-4823
-8599
8422
231
2435
9227
4675
-9128
-9039
8479
-3877
-5171
1144
-9193
6937
-9321
-4450
-1238
5154
9635
1786
9366
-593
-8119
7741
8171
1326
8327
8277
-405
-5094
9772
-3817
-7095
5651
5655
-4541
6573
-9832
7674
6759
-7106
-1394
9773
-5085
8508
610
-2353
5100
-3916
-2710
-8508
8088
-7734
8199
-4706
-5867
-4111
-6540
-1460
6946
944
-7583
-8253
5305
9297
472
4461
1883
8551
7344
8390
4799
-8135
23
7297
3860
7966
-512
-9022
-1213
7377
7073
17
9814
4685
7699
8797
-76
-9085
517
951
5681
-2488
7282
-7370
306
-2792
9482
-9744
9469
-8281
-7134
6648
-9428
5813
5686
-6759
3624
-7595
8362
2672
9169
-506
259
8662
2335
9333
-4721
-8151
-1377
-7097
1904
8130
-9736
-2488
-7352
2862
7004
-944
5234
5992
9528
-7156
-962
-8733
-4735
-6356
563
9972
-4743
-6729
2008
1451
6491
-3651
9422
4746
-4972
8861
-5960
9258
6976
-4599
-91
9918
-921
7035
7824
-4387
-332
-2694
-368
-9222
-5484
2273
-6367
4655
6595
-1947
4123
-8946
-8489
-6678
7239
-3994
1412
9575
1944
-4294
6294
643
4898
3668
7929
-9297
-9027
2432
-1053
-1169
7163
1947
4124
-2789
-7513
-8532
-3742
6832
1369
3029
-9661
9531
-9826
-7778
3639
-7275
7223
-5712
-3913
9805
-7011
-9597
-3984
8770
-8802
-3924
-7202
-9364
9214
6456
-7973
353
5365
624
1284
9869
2842
8773
-1793
5525
-8340
6046
7465
6867
9755
-4965
1453
-2432
-2048
794
8782
-1117
-1589
9291
-7338
-5849
215
6904
8886
185
4691
5750
4744
-3633
4781
9361
324
-796
2110
-643
9482
-6724
5463
9499
4145
-6760
-7019
-3874
-4290
-8359
-1450
6237
8906
-9639
1766
-5774
4693
-1107
3497
7841
-1531
1413
-9702
-8074
-579
1001
9737
7433
6361
-404
-2716
2713
73
-5747
7482
-4639
2948
-9699
482
-4282
57
-8296
-1842
7231
-1992
7891
4606
-7166
1584
-2395
-1816
-564
4094
-7787
-5877
-2710
-6313
3205
-234
-2869
4159
8244
-4244
9327
6397
-7813
6936
9792
7477
2832
-4361
5114
8367
-2345
5148
-3387
4967
-1288
7509
7706
3234
3391
9702
8125
306
4556
9938
3729
8502
1923
-4771
-5749
-2653
4271
8868
-622
6349
-5084
4750
-5657
-8976
-4472
-1498
602
5115
-6858
3652
-4325
-7199
7078
9953
2615
-6132
810
-4921
230
5954
-8841
718
-3277
-924
7790
1429
-8061
-118
6945
-1094
-7788
262
3734
-9392
881
-8990
-409
1713
-3725
1193
-8011
-3107
8726
-9837
848
8433
-9619
419
-438
-8876
9113
-4854
7915
1583
7935
3393
8019
-7399
-4732
-7676
-8926
8759
3312
-7522
2579
2309
7106
-5789
-6086
-2744
-8449
1624
-3451
-5572
2866
-135
4393
-3205
-151
-5429
3136
7586
-4192
6792
4237
-8344
4704
-8329
-8589
-8066
9205
-3713
7403
-9770
-9966
-8397
-2685
-6640
5711
-2067
-159
-6086
495
5506
3882
9992
5127
8606
1374
-3656
8185
2012
8761
4843
6967
-4182
9665
5048
-6953
-5327
-138
1769
4518
2635
3321
3718
-2699
7753
-8051
-8534
-1688
5740
-2305
-2999
-5001
-7090
2003
-8442
4002
7003
-6350
-1396
-25
3928
-162
-2613
-4779
-6838
647
-3453
-6409
4913
3482
-306
-269
-5659
-1685
-5911
-8559
-593
9799
-2493
-5626
9626
6294
-832
167
7062
5472
740
5763
-9456
-842
8788
-8542
-1323
-9448
5181
5067
9761
355
204
4420
8129
-2337
-3283
765
-5242
-8133
-3976
936
7457
7402
-8330
-735
2247
541
7130
-6498
3456
5832
709
-7778
-2813
-315
1610
-8961
372
896
4393
-7829
4839
4729
-4291
-1611
5086
5385
1571
6002
-9381
-5937
2533
4191
-8177
-8353
-9859
9439
-1114
911
-6575
-9448
5487
6186
-4305
4568
-2041
1633
5861
7735
-7206
-5012
7708
-9058
9071
7173
-6864
-8501
508
-6702
-6947
5022
6142
-8111
7341
5616
5390
-3197
-8179
2650
5351
-1746
-1096
5157
810
6184
8611
3968
-5443
3182
-2816
9527
-4777
-8753
-9748
9063
9561
-2379
8212
2098
6206
-2286
8709
-17
-2929
-4619
-7719
-62
2784
-5541
-9645
-8139
5447
911
324
-9376
-7839
-6050
646
-9481
-1693
-4817
125
-5301
9691
-9002
-459
-3329
4473
8722
-4173
-5974
8437
1853
-1229
388
7062
3969
-2522
6477
3006
-7397
128
747
2150
1459
-6649
9453
-1959
-2267
1996
-6310
3514
1555
-5376
-1156
6912
73
687
7439
3993
303
-6188
4694
-6394
79
6750
-8238
-407
1129
750
-1204
9742
7587
6904
-3386
9607
3171
-7528
8728
815
-7392
8061
-550
-6754
-4709
3264
-2628
-5565
-3094
2341
-5632
-8976
-7636
4718
8712
3641
7206
5867
2242
-5810
-2134
6654
-6433
-9570
-9145
-4625
9707
2354
-36
-1591
7778
4596
-1535
-1478
-3954
-5831
7169
8515
-9637
-7245
-1142
616
4627
-9783
5526
-2995
2167
-2404
3879
-4432
-6497
-4880
9395
-2390
3861
-5938
7810
-5912
4843
-315
4662
1308
-135
460
1608
8555
698
7815
2372
-5899
1593
-4774
-5951
-4291
-7733
8180
6516
5932
6170
4722
-8015
3649
-3710
4847
2396
-3718
-9939
-4354
8007
-4018
1797
6047
2334
-2154
-6519
-7772
-2485
-674
-1323
-3362
1246
395
-5243
4219
-4936
3091
-4330
-4196
-1820
-1640
-9607
-7718
7113
-3572
-3493
5142
4527
7353
9805
1392
-3333
1205
-2326
-1442
4475
5137
-2449
5536
-156
4000
3644
-217
-4431
-4089
8338
7644
-8144
3273
-3218
-7317
5570
4463
5890
-2971
1370
7825
2643
3534
-9953
-9464
8950
-8341
9430
-5164
-6793
5845
-2523
-5209
-6110
-6356
4146
-7740
414
-6444
-1583
6519
3344
142
8569
893
-4758
-504
3617
-6894
5858
3285
-1520
-2834
-485
-3097
-4291
7811
2006
-849
6600
5042
-4197
-127
-8501
-9218
3181
7254
