9920 884
188
345
170
146
46
94
75
107
42
163
84
409
14
82
564
85
9
115
226
266
1
156
450
102
135
538
257
281
309
118
194
221
131
276
20
322
30
27
653
9
392
126
288
165
575
53
11
169
16
316
69
122
213
363
102
24
334
322
30
221
238
118
114
282
3
318
616
129
31
632
1
342
340
48
402
618
626
371
82
11
90
251
67
455
735
298
47
597
139
19
62
82
0
86
497
31
53
165
194
17
463
135
530
34
628
261
303
543
79
452
66
174
381
77
36
254
89
22
482
57
114
40
28
219
256
80
193
170
28
189
403
2
197
256
5
182
322
298
32
101
330
74
269
446
327
526
520
421
203
464
255
37
375
6
61
276
98
205
618
50
128
138
287
35
95
424
132
200
123
400
18
29
5
623
148
35
394
59
13
5
5
551
120
340
590
209
82
64
461
307
0
609
439
240
158
48
144
253
22
192
199
148
48
0
76
20
7
265
21
126
17
56
97
232
316
385
75
5
648
24
124
378
231
116
590
123
83
3
92
380
106
129
129
54
15
128
87
505
34
293
57
119
74
515
47
103
67
133
78
177
111
141
172
77
606
245
5
57
35
238
176
95
11
109
57
8
416
13
478
370
253
426
202
326
343
185
59
321
324
451
490
173
276
469
324
12
8
62
690
102
103
168
99
157
45
98
639
4
338
543
46
463
219
248
2
184
2
95
28
173
108
62
8
331
511
66
504
325
233
374
197
26
205
326
354
296
546
462
62
166
100
152
101
305
91
65
101
33
40
72
111
44
37
60
199
322
2
265
79
671
348
11
578
35
513
170
60
420
144
12
58
10
15
24
54
193
26
94
371
290
66
530
31
245
544
30
78
113
134
275
401
185
286
542
0
187
207
68
95
13
252
96
20
33
0
0
171
592
16
24
56
202
78
63
106
95
91
176
170
94
1
20
80
342
241
35
32
93
59
60
2
123
447
43
298
32
47
152
38
50
29
67
4
88
72
137
31
674
145
25
39
238
61
285
18
322
168
252
149
194
380
9
207
170
704
193
227
38
461
291
122
4
123
67
138
229
3
72
154
209
182
126
96
334
140
341
25
88
27
212
36
65
31
225
1
108
238
2
140
143
116
34
54
664
524
241
269
0
199
601
452
50
0
209
536
321
52
349
72
4
124
81
494
137
67
271
115
236
189
152
422
82
42
163
613
459
113
175
346
516
75
67
111
378
253
86
183
7
273
6
100
102
36
114
236
430
524
12
372
368
45
673
70
78
367
239
117
138
135
6
25
223
86
65
2
95
304
401
86
464
0
2
10
3
389
222
180
516
9
239
133
365
102
60
299
622
93
48
248
607
11
7
129
104
262
412
76
72
247
79
54
29
449
96
551
240
521
72
64
45
35
352
225
97
522
337
318
9
49
9
445
54
413
339
370
339
46
38
102
15
112
13
247
34
231
304
174
267
104
259
203
207
473
3
168
150
485
218
113
91
29
53
54
296
241
6
85
617
127
587
356
457
292
31
109
226
47
85
36
67
45
61
123
18
177
122
310
186
230
273
77
437
7
126
173
122
24
464
20
228
70
3
86
237
221
116
269
533
44
178
356
260
399
657
514
107
114
7
406
313
212
646
164
9
23
61
95
486
247
75
91
667
104
2
125
284
43
11
320
95
18
177
356
107
94
149
5
278
197
142
205
602
33
120
490
476
2
29
260
108
153
299
394
337
525
46
466
59
21
1
340
566
113
144
191
3
24
25
406
199
192
484
88
6
30
39
196
278
387
5
459
5
49
57
327
217
74
184
390
342
29
175
37
25
4
509
224
57
78
637
4
268
7
156
110
0
203
0
698
57
166
384
211
595
364
187
263
37
8
47
496
87
266
22
451
215
43
106
415
226
260
196
496
103
225
225
24
382
396
525
51
352
142
173
8
180
7
357
54
381
19
50
107
168
400
178
74
148
20
215
357
347
7
163
220
18
164
305
304
15
305
286
23
462
317
181
307
110
425
107
169
174
2
181
161
60
169
59
61
214
0
9
144
77
177
220
11
277
61
121
502
519
246
789
46
764
419
342
400
58
352
471
178
396
7
260
32
2
116
53
187
415
136
418
12
258
42
528
78
10
74
362
174
321
304
490
399
71
304
37
465
343
58
1
206
164
12
306
486
647
622
95
100
478
272
11
681
246
184
209
154
358
303
455
451
83
140
257
72
522
92
86
75
191
97
206
26
148
24
187
185
0
36
0
89
342
353
62
773
273
2
16
179
353
4
168
105
148
110
27
160
108
47
213
303
221
601
12
42
36
130
84
337
200
23
186
548
234
48
103
379
607
229
183
644
70
133
463
230
94
19
87
132
7
283
347
621
12
429
587
1
323
449
14
284
23
113
179
257
151
251
28
524
379
349
53
231
312
429
19
137
378
75
0
275
191
627
69
223
90
42
9
138
213
559
63
69
49
77
62
152
12
1
230
189
71
92
25
46
708
556
179
305
647
225
26
290
3
587
424
13
439
189
462
209
37
36
163
173
8
92
106
80
68
71
4
486
257
156
160
185
681
198
154
18
472
87
317
468
17
321
0
89
158
66
101
30
44
367
487
20
425
185
499
104
125
727
652
112
593
256
531
218
88
10
65
634
347
275
80
161
341
493
639
2
30
311
485
297
143
270
142
272
16
322
155
2
218
119
65
240
451
34
263
35
624
128
43
166
221
88
215
86
302
218
99
107
40
316
78
3
59
93
338
278
437
96
66
183
287
244
64
601
123
341
626
54
326
2
69
326
170
553
397
66
5
52
81
320
241
455
42
128
148
5
95
44
312
2
316
470
557
93
331
396
461
359
498
13
408
107
193
198
204
65
57
22
667
218
387
100
79
60
468
28
94
123
258
720
90
169
163
404
357
64
255
14
15
52
174
75
27
346
90
238
151
266
119
213
26
20
2
251
9
329
10
264
144
46
485
66
199
59
40
75
45
33
149
360
258
23
258
133
579
45
148
4
82
472
0
316
15
246
79
67
150
164
397
396
40
292
331
389
11
22
1
7
107
52
677
338
179
152
279
723
65
228
352
691
122
180
121
89
684
225
338
209
2
88
39
284
166
559
121
14
486
25
200
231
37
637
342
238
529
82
8
0
10
123
527
399
5
71
228
17
584
298
348
152
107
164
131
21
172
196
154
96
20
41
312
593
36
0
10
427
405
1
701
19
109
0
82
161
53
25
247
554
319
239
18
183
200
243
235
6
186
243
256
85
214
231
115
282
377
30
16
479
2
8
28
244
255
197
290
387
221
149
105
198
113
152
19
417
513
548
540
46
583
164
55
173
187
10
76
20
118
98
545
557
501
235
88
1
131
541
380
206
270
208
140
460
74
410
1
7
188
514
343
258
332
13
137
192
119
240
400
348
376
279
254
35
27
100
424
229
59
244
396
153
34
43
164
135
21
87
6
618
643
23
19
38
512
278
76
109
31
37
195
4
71
37
216
304
306
352
213
181
85
340
17
534
174
91
455
76
333
286
460
416
45
48
53
21
100
162
62
3
102
497
245
364
371
530
24
205
1
336
24
253
137
187
255
174
405
18
7
41
255
31
28
24
54
682
64
199
148
68
721
158
17
360
341
120
51
21
161
219
208
19
344
760
11
500
164
153
273
113
110
139
4
165
533
273
269
110
2
14
25
2
45
4
68
142
184
389
571
50
128
199
155
225
72
145
98
0
76
271
68
241
89
226
157
61
436
507
33
17
80
521
428
44
47
4
182
9
324
52
261
493
556
227
312
65
40
79
123
469
175
43
316
335
196
199
128
28
84
33
363
11
241
280
79
116
43
149
128
44
34
38
23
102
196
287
244
4
232
618
150
195
511
448
291
28
210
439
55
197
87
130
21
261
84
168
42
296
136
469
60
176
194
413
161
727
353
147
202
85
226
19
81
130
21
44
21
118
85
56
19
106
141
197
593
20
8
104
61
631
34
35
64
318
100
95
121
335
91
473
121
17
409
42
10
72
205
272
495
68
20
564
218
536
354
33
54
427
56
377
50
85
149
45
648
29
477
612
288
126
379
40
459
15
418
19
8
205
614
206
171
430
550
91
0
574
86
482
249
27
41
40
10
188
286
718
183
128
1
387
71
143
238
9
240
99
72
540
312
31
129
252
45
27
370
493
297
355
24
50
377
3
622
191
501
141
18
88
121
216
131
318
53
38
306
177
175
228
29
62
6
49
195
138
129
146
25
87
15
280
70
20
1
175
62
241
229
161
10
211
167
451
221
439
280
294
141
526
150
20
307
72
150
153
280
89
8
465
85
368
15
233
116
646
169
82
26
47
98
190
263
181
337
312
191
337
428
372
22
42
510
195
203
163
70
360
19
441
91
10
46
552
234
32
102
232
31
132
602
196
96
124
299
94
35
553
71
116
3
88
142
233
15
41
110
236
157
65
10
1
409
142
82
186
59
161
488
115
96
201
211
121
58
121
79
308
284
165
235
50
102
285
60
123
360
284
1
41
47
491
44
223
153
437
152
8
290
153
21
178
150
414
182
360
448
5
100
259
196
464
18
7
340
430
73
631
212
210
92
26
22
635
89
359
414
49
44
693
202
68
265
6
293
11
44
428
506
75
8
315
59
99
2
373
78
127
217
428
482
1
111
77
127
11
52
6
103
124
340
0
26
2
29
16
287
145
56
195
45
34
367
445
316
536
270
121
327
7
398
446
120
136
356
372
315
268
312
200
328
261
403
87
115
5
34
504
382
147
54
22
168
255
355
119
298
117
234
251
489
13
194
31
35
263
107
120
253
24
221
13
249
29
0
107
373
53
86
261
531
406
56
237
128
154
152
410
101
542
461
168
2
10
510
601
380
158
157
182
34
17
188
30
367
705
39
602
302
31
95
279
70
202
7
34
18
531
12
26
21
110
325
121
208
169
653
14
171
472
238
586
109
667
491
156
27
43
249
117
303
282
129
359
100
46
210
291
7
7
102
119
451
89
77
164
725
182
8
8
77
101
262
300
81
44
16
119
8
65
3
26
235
161
527
344
211
39
394
86
25
297
190
309
72
1
7
538
67
126
125
367
297
76
395
30
85
54
258
265
331
84
107
104
472
170
40
22
71
272
385
32
274
130
224
7
354
13
745
17
267
56
151
124
94
90
241
90
144
259
465
120
190
538
109
249
19
61
26
128
256
20
228
577
218
11
53
89
609
133
127
108
521
57
24
43
297
7
149
24
20
86
328
317
434
13
127
346
0
350
220
13
74
379
431
37
50
374
55
34
174
138
253
48
278
601
592
626
15
210
134
328
172
142
94
16
84
1
195
104
303
24
150
143
7
204
23
88
459
79
15
138
36
102
364
420
179
193
168
546
27
86
0
461
17
424
442
7
47
458
186
263
66
304
9
57
23
257
340
249
128
26
122
55
466
115
202
508
0
151
154
93
212
9
129
147
214
538
29
503
190
233
34
420
98
115
609
4
1
148
24
283
151
112
1
215
24
43
56
153
135
98
46
2
162
272
62
130
152
386
645
332
423
179
266
14
79
25
369
308
146
310
157
183
448
314
372
176
442
232
235
13
212
519
324
561
426
68
552
306
26
139
183
142
340
44
243
593
358
52
39
14
53
175
151
127
17
63
99
223
80
423
500
106
85
319
571
270
262
638
373
100
302
372
169
33
4
406
469
5
66
233
4
447
41
134
8
228
224
219
583
315
300
58
396
5
271
500
348
415
311
21
286
197
61
279
113
658
9
171
67
187
198
504
182
550
60
146
192
145
87
93
335
348
6
25
523
26
132
18
126
224
131
150
131
304
423
77
29
349
284
526
331
34
59
137
735
22
124
37
325
30
16
290
569
37
99
288
268
338
26
256
365
160
117
149
269
15
582
133
146
114
287
233
23
236
38
26
324
48
121
187
10
323
190
425
125
398
59
263
32
570
251
420
19
86
33
45
53
290
149
485
126
243
35
486
184
469
235
416
25
25
11
42
43
71
135
261
89
81
11
21
546
122
14
105
21
41
2
2
365
60
35
121
353
247
310
234
0
547
82
83
35
14
101
277
123
28
263
570
339
62
345
109
331
130
216
254
4
559
178
230
25
191
172
8
502
150
275
165
7
473
277
236
83
374
111
49
331
84
346
426
91
424
38
350
17
138
236
653
214
542
174
562
310
30
523
145
1
74
28
147
234
14
9
599
231
82
47
485
89
59
604
193
166
106
313
255
137
781
49
19
168
275
35
67
75
65
104
38
182
47
1
115
493
6
106
212
151
17
60
202
58
14
481
272
226
184
90
5
103
116
208
239
19
772
19
315
363
188
212
15
327
165
192
89
573
184
169
168
13
327
133
362
72
386
132
11
167
497
708
32
99
25
116
81
63
34
145
35
339
365
198
119
234
65
100
350
126
74
256
105
79
223
230
359
295
352
331
116
58
338
135
154
695
355
332
497
165
70
277
80
221
3
10
662
321
97
70
241
6
404
175
268
75
550
8
98
422
6
311
89
18
346
32
334
88
295
353
36
46
305
285
450
159
603
330
110
40
209
353
461
347
116
379
484
477
240
63
171
107
331
31
436
26
209
5
243
28
492
609
396
122
25
35
67
450
56
79
112
117
723
587
97
105
85
244
2
323
190
1
41
49
103
87
566
273
149
64
330
362
439
35
16
519
22
17
260
47
92
21
18
9
356
291
394
10
259
530
209
119
407
134
117
67
426
196
476
517
252
76
619
189
762
13
251
1
252
167
376
325
106
85
65
495
74
622
208
117
91
104
37
391
161
618
132
17
5
227
235
2
21
117
97
516
17
181
252
0
272
229
703
360
373
50
227
266
296
59
63
384
188
3
323
4
258
73
197
510
103
158
152
90
308
21
3
591
1
55
88
24
340
163
65
18
55
170
528
112
64
80
212
74
130
659
22
721
107
83
25
207
6
140
63
385
211
144
14
645
324
124
15
74
3
17
333
147
291
450
466
232
405
291
358
128
16
10
0
115
104
159
279
0
555
302
17
414
97
67
125
359
179
282
237
2
396
20
270
12
392
123
609
41
40
14
36
557
209
225
530
209
500
513
262
243
62
209
89
143
56
118
517
374
537
30
313
280
254
4
379
598
192
3
368
1
28
319
279
153
75
396
5
20
65
504
107
261
128
50
128
50
126
164
474
529
38
106
666
14
141
645
15
684
171
163
463
96
8
22
21
175
81
35
394
20
464
297
96
102
220
153
41
193
255
87
106
16
55
100
4
773
17
314
178
40
109
23
196
705
283
156
108
204
100
348
346
70
430
334
75
73
160
199
11
10
0
152
619
601
183
10
106
248
217
139
94
154
30
45
59
493
52
28
181
264
708
52
142
79
82
378
39
125
450
416
87
144
193
3
98
0
720
29
22
723
340
59
554
174
23
0
183
533
537
343
40
345
549
37
16
42
114
250
163
1
206
99
367
43
257
275
192
592
463
283
145
370
571
88
68
63
231
298
140
135
572
95
8
210
11
50
159
286
74
306
41
171
2
238
215
458
532
135
334
417
476
554
286
16
254
72
195
1
112
126
11
76
25
696
51
236
171
346
26
155
14
5
66
133
170
611
12
29
261
75
431
15
235
42
330
203
89
167
166
31
640
203
120
769
20
237
56
252
48
299
532
336
7
29
338
68
507
161
67
143
93
62
207
12
45
118
449
174
319
236
11
269
543
15
47
308
251
26
391
21
353
1
373
218
542
462
130
55
436
103
247
100
98
149
227
583
608
36
161
326
332
63
338
101
146
163
86
622
2
97
54
208
463
10
376
4
456
46
57
180
110
64
23
643
118
41
88
488
4
140
176
17
43
636
115
585
174
52
70
51
477
515
203
157
363
237
28
354
157
181
26
374
65
659
429
70
68
132
152
10
92
259
60
67
107
20
46
21
457
3
65
81
77
284
52
56
111
559
16
577
7
103
39
86
455
81
91
9
35
514
16
13
20
139
89
142
47
436
197
580
311
434
222
4
7
431
106
278
367
164
642
175
323
111
331
121
116
53
128
69
166
252
509
261
2
47
345
26
39
124
313
39
34
378
64
184
283
27
21
18
158
25
468
97
350
527
483
20
12
62
175
86
64
378
24
643
4
39
362
92
20
407
51
30
38
9
48
3
209
49
12
95
178
117
334
179
21
548
29
114
32
92
182
121
131
59
81
13
312
33
333
12
345
67
8
177
129
23
116
111
279
319
108
142
235
166
46
175
310
650
509
113
35
289
369
652
109
337
1
31
138
12
21
100
69
604
61
403
15
187
463
27
387
53
6
273
695
189
16
23
165
80
179
196
121
48
24
172
94
83
95
160
371
73
306
1
357
549
17
266
108
380
11
690
142
562
8
13
38
38
271
106
614
458
351
24
393
254
338
310
25
95
258
681
523
201
24
531
227
228
10
66
626
62
170
482
123
409
187
65
27
22
162
106
331
222
577
30
418
108
187
87
299
2
63
79
43
39
1
105
302
532
95
377
50
45
36
26
18
106
404
10
648
128
50
315
72
368
333
61
13
85
410
227
58
610
71
36
224
190
23
8
148
83
524
21
221
440
156
431
52
614
6
196
581
649
50
144
410
127
488
228
64
415
23
64
30
602
117
524
0
524
110
33
236
53
58
146
41
641
188
643
29
73
67
80
188
51
21
328
49
238
261
71
402
25
58
139
71
67
281
421
154
125
0
237
473
516
281
10
419
159
399
45
5
20
113
75
39
117
24
315
206
16
3
596
165
2
287
1
47
716
461
199
26
47
113
120
64
97
151
421
431
147
23
153
62
41
222
161
205
190
104
72
131
487
480
505
131
224
412
113
331
375
130
413
477
425
39
28
283
347
57
10
39
26
224
40
72
2
112
22
128
117
1
3
550
92
156
72
146
348
408
2
209
642
73
7
237
6
78
27
541
70
217
131
337
608
265
58
74
147
169
377
357
574
211
51
336
290
225
360
149
23
68
80
224
53
2
591
0
224
83
21
230
78
399
200
279
122
73
328
396
210
448
121
75
390
585
218
444
118
15
223
32
448
26
407
360
155
116
68
401
127
4
11
136
22
101
48
714
11
352
42
397
33
245
69
116
339
443
97
49
296
50
269
127
49
565
456
350
43
5
89
192
199
250
517
328
233
382
421
60
44
289
19
62
576
121
156
76
1
23
321
499
41
349
123
79
150
220
293
115
2
384
191
251
218
359
97
379
68
233
294
48
15
519
158
85
36
260
425
209
94
196
370
390
88
394
196
1
738
68
2
354
264
557
437
13
3
52
261
727
319
2
284
532
126
339
21
526
420
57
77
87
58
243
353
140
373
422
229
111
297
91
145
193
429
60
40
129
50
362
408
181
556
66
402
10
154
542
354
501
699
539
22
246
75
18
290
299
74
4
268
57
81
16
67
552
7
82
372
306
230
627
297
324
246
366
293
171
3
573
82
325
86
292
115
124
65
144
226
163
9
5
186
163
14
454
19
81
117
54
42
56
152
50
0
98
14
33
220
194
115
36
449
22
6
176
260
4
220
52
0
413
234
335
542
74
160
110
8
45
80
60
169
98
634
95
126
74
60
332
184
0
439
80
58
171
83
152
352
428
356
70
690
6
1
236
3
21
208
39
67
199
66
456
72
109
22
67
100
248
746
56
63
248
99
272
380
103
41
66
379
570
201
146
111
186
69
0
381
31
87
192
124
4
8
52
85
89
227
27
17
139
308
145
431
319
268
19
126
106
18
86
75
48
48
54
163
200
428
605
70
349
336
145
120
316
56
26
359
10
25
56
26
271
221
492
16
296
31
60
369
544
242
616
28
526
95
168
239
57
567
296
66
118
682
23
10
200
17
170
202
87
0
285
5
180
344
55
366
53
304
160
336
119
5
22
597
0
475
93
199
150
152
444
484
43
3
139
276
202
390
23
569
538
124
208
52
310
71
173
452
450
114
18
531
239
29
137
459
164
68
758
127
43
44
45
169
78
41
179
454
179
281
25
34
22
10
490
157
183
78
469
183
43
358
151
345
116
393
675
358
154
193
7
158
118
12
240
397
49
209
260
304
89
378
246
129
696
23
650
79
198
186
163
193
4
102
21
143
4
357
36
309
168
673
303
7
101
231
59
51
49
221
198
332
37
337
572
457
182
101
5
36
0
204
131
216
132
103
150
251
181
255
12
149
120
278
584
0
16
59
102
59
437
331
297
7
472
245
37
681
343
126
1
434
389
372
11
223
240
67
57
209
332
575
213
394
142
51
392
475
153
182
232
456
625
641
283
246
32
279
24
58
76
145
461
268
14
141
233
253
238
157
34
624
223
119
99
44
30
25
83
257
9
562
308
439
129
22
323
4
190
120
26
235
678
648
53
601
156
239
193
1
105
199
72
117
34
329
314
262
495
147
283
463
425
19
508
69
0
452
50
102
123
103
433
386
88
69
136
82
11
146
45
114
182
265
65
45
560
24
589
232
498
24
481
307
142
191
37
0
692
339
580
29
419
50
66
351
240
75
105
634
410
268
139
123
44
55
153
273
51
171
0
133
369
361
189
37
174
229
55
400
392
155
56
59
2
121
257
177
40
319
67
32
197
52
9
17
70
45
290
328
480
67
213
2
96
280
159
351
71
348
59
357
44
124
36
150
251
329
410
196
474
34
24
109
41
97
77
39
27
38
125
31
71
115
57
86
290
97
21
103
72
514
336
243
196
141
280
522
34
363
12
543
91
105
392
203
338
445
79
241
573
308
85
244
255
153
317
335
178
303
114
37
649
337
261
365
163
95
570
91
187
497
423
156
690
14
42
361
621
392
389
504
116
469
90
567
308
113
203
374
115
29
93
189
63
89
11
44
261
594
580
109
374
67
85
250
486
371
41
266
2
333
291
348
131
225
111
13
586
4
10
28
419
41
248
286
62
86
273
4
468
28
291
25
124
320
142
362
398
436
228
96
33
353
21
3
427
15
600
90
411
26
88
459
30
10
117
162
308
15
77
431
265
185
357
66
288
93
333
293
204
63
683
135
43
41
80
19
10
430
113
71
288
253
152
362
45
47
667
4
245
288
21
4
149
26
190
94
132
9
10
16
29
505
12
528
194
15
146
281
96
772
130
50
34
207
12
411
89
366
108
385
43
4
530
436
76
141
119
548
353
112
122
74
282
274
335
93
50
71
60
67
71
439
79
273
60
11
444
283
279
490
60
15
138
26
168
442
452
94
190
181
49
89
205
41
82
61
50
80
4
211
31
7
39
240
224
545
46
64
110
99
45
399
239
132
78
322
319
332
13
62
65
511
197
552
33
26
467
436
234
21
109
50
334
170
113
125
49
233
146
102
9
13
43
480
282
151
73
43
102
67
257
60
102
266
58
59
626
114
392
125
85
387
46
72
597
116
80
95
184
5
83
193
5
16
5
30
420
73
35
426
156
26
113
5
542
56
197
129
135
55
335
123
294
57
297
216
57
228
130
599
48
4
402
520
255
122
118
411
255
160
289
423
321
611
582
259
38
117
339
420
22
125
268
50
18
18
343
196
536
21
0
366
560
146
421
4
300
455
206
424
238
596
310
29
255
10
10
625
571
272
105
237
220
109
333
77
124
89
417
117
234
252
230
256
661
429
201
149
432
2
281
32
302
236
315
38
156
34
123
106
292
55
231
106
1
86
472
310
651
106
129
126
285
89
24
295
5
70
34
91
410
236
24
101
211
46
38
24
302
89
222
165
651
422
7
179
189
291
167
105
412
134
0
18
190
35
331
264
6
419
144
580
99
130
287
23
191
303
254
94
103
176
40
233
55
278
372
186
45
2
415
1
12
505
498
166
32
309
392
341
280
11
37
153
251
112
299
233
451
51
190
421
41
161
226
599
53
1
489
83
639
16
64
116
96
519
125
500
52
90
67
237
554
227
90
112
440
241
202
53
126
36
103
147
31
30
365
7
44
177
79
108
55
170
133
125
26
222
470
437
37
29
452
87
267
47
0
76
191
334
370
68
379
41
60
314
323
40
198
158
48
132
79
5
160
675
223
119
34
45
493
431
30
86
119
43
149
84
279
63
15
352
130
404
382
2
459
80
21
344
368
178
367
129
270
176
92
237
116
17
33
129
9
3
407
156
12
129
370
273
64
175
255
78
443
37
356
15
146
643
282
364
287
65
53
172
62
53
365
28
713
228
751
422
24
11
128
63
221
58
41
388
178
224
551
3
550
14
14
167
7
0
91
334
399
8
270
178
74
188
169
193
39
415
134
360
121
545
242
333
204
31
75
352
33
659
65
130
313
145
42
203
149
11
103
28
78
114
56
555
139
557
251
7
130
15
72
82
103
369
430
49
72
193
129
146
142
152
149
21
51
7
149
301
328
123
543
333
612
272
478
114
424
277
514
120
194
9
589
63
33
8
42
96
14
289
26
12
10
297
65
654
330
128
199
399
38
54
143
195
13
238
206
78
175
90
25
355
337
43
67
11
82
482
133
48
242
2
1
139
222
426
39
216
393
224
129
272
342
107
130
427
18
362
224
196
142
20
59
32
245
3
25
43
225
468
510
136
54
139
593
581
711
643
162
177
131
13
183
99
205
101
11
540
20
225
34
186
18
137
91
638
317
31
55
35
140
17
16
288
273
290
285
1
120
1
244
210
3
345
130
49
148
71
22
488
64
116
14
209
19
7
219
29
508
194
1
143
121
12
3
221
395
730
57
303
186
57
275
171
509
41
166
551
73
735
21
1
401
182
187
342
421
33
56
6
206
160
186
295
328
238
286
71
15
485
222
219
419
205
74
337
360
124
107
0
30
119
133
322
421
261
544
321
584
179
494
323
459
243
176
84
28
107
361
234
211
388
87
3
21
253
361
161
38
603
326
8
114
362
295
41
90
35
38
203
648
193
96
60
271
212
398
263
101
180
50
366
40
245
62
104
186
338
81
314
154
35
80
184
459
154
403
56
3
50
334
456
39
546
378
166
246
151
503
274
96
8
294
142
162
67
97
129
274
229
132
155
48
1
0
529
330
2
260
281
34
277
109
640
44
204
4
118
47
388
13
28
283
93
280
201
161
299
113
229
333
60
374
239
60
11
150
361
501
318
261
291
76
36
390
72
77
278
216
323
91
122
2
79
202
5
433
91
213
2
25
19
78
562
575
70
418
17
1
185
335
259
6
172
378
3
350
587
712
37
162
5
218
24
379
76
495
362
57
21
191
30
220
15
350
109
0
118
43
127
12
418
464
45
32
60
9
32
89
149
292
65
176
22
45
62
302
158
61
272
96
0
179
202
554
149
0
28
29
176
625
161
222
653
42
303
10
205
111
451
424
371
38
384
448
138
0
117
536
57
161
74
61
54
78
12
60
66
404
152
14
470
121
285
46
604
546
3
353
245
44
476
173
194
226
164
180
4
171
196
42
178
236
382
43
64
90
281
30
246
323
384
211
69
100
260
248
8
625
160
79
343
130
30
332
147
234
67
117
2
21
147
214
570
165
486
549
125
85
201
218
287
213
34
47
144
292
23
158
382
10
134
118
132
227
6
270
292
1
279
49
581
395
167
222
509
486
1
91
11
0
46
575
143
16
5
11
130
344
169
93
106
58
42
232
73
473
71
56
477
659
218
205
178
39
129
288
73
13
409
64
12
181
287
309
674
728
292
113
226
511
9
180
265
473
254
471
67
87
300
135
218
39
32
78
192
61
379
753
165
35
274
284
203
98
71
39
141
60
333
204
3
411
200
332
53
93
8
504
443
306
81
38
39
11
42
262
280
8
203
614
214
65
273
267
157
36
7
336
7
68
406
0
357
57
247
177
548
56
325
205
9
43
184
432
144
15
192
88
259
25
93
27
284
125
55
421
81
156
23
337
5
4
410
50
156
379
95
56
221
44
146
497
57
39
388
694
236
113
13
2
96
98
685
344
418
88
495
334
580
368
23
280
340
153
106
58
116
11
107
15
115
650
14
279
462
391
21
102
85
235
4
347
235
344
404
360
88
3
284
669
179
332
648
10
223
463
18
8
477
41
194
252
251
21
10
155
247
9
131
464
304
131
47
637
2
151
38
127
268
412
17
419
3
151
244
92
46
229
161
6
121
317
207
370
46
461
426
663
121
20
420
151
163
109
354
455
61
44
128
187
336
546
3
50
48
38
338
93
53
114
72
108
33
4
42
428
288
260
159
37
387
204
427
433
47
520
336
9
116
57
317
89
96
141
54
181
86
47
152
8
9
684
139
366
45
175
34
102
185
439
220
207
111
57
242
20
24
226
130
57
233
11
91
216
71
205
101
408
166
361
101
129
143
16
288
65
648
685
613
586
138
395
344
62
360
382
59
2
14
657
192
79
46
125
598
158
572
155
10
301
23
180
642
37
72
305
460
295
181
117
431
76
119
13
88
17
5
284
53
110
589
68
204
204
110
64
118
315
112
75
173
37
35
440
234
120
439
105
25
92
412
161
261
7
240
60
245
417
200
383
15
61
57
251
235
130
271
200
34
105
13
5
94
178
184
559
96
484
209
216
65
247
545
375
73
288
210
421
228
117
71
512
436
51
1
9
403
60
338
718
283
242
43
110
78
0
26
495
54
256
45
104
491
398
308
349
19
67
52
59
207
556
24
464
427
259
56
55
334
43
111
439
365
167
73
312
214
10
3
455
360
160
504
291
498
272
38
196
531
43
192
288
331
28
466
129
268
518
528
256
381
511
319
235
58
257
323
217
161
71
245
184
190
228
17
78
36
239
293
172
372
132
84
99
117
468
222
111
20
642
66
61
365
267
66
602
70
8
388
19
28
296
251
47
521
126
522
175
482
632
97
738
20
246
180
12
66
504
86
59
54
378
123
215
1
664
58
420
291
237
188
238
22
24
362
10
410
41
214
294
67
41
272
151
5
86
35
232
17
691
316
273
92
235
214
161
119
107
60
99
101
451
100
9
18
14
69
534
5
64
145
304
282
312
145
419
506
195
50
296
261
76
83
9
323
146
265
615
269
426
252
260
34
25
153
47
547
195
35
64
404
279
341
235
293
208
86
259
62
219
69
189
627
80
542
32
73
37
367
262
132
619
566
125
188
69
1
566
72
72
60
259
126
330
279
52
73
73
152
290
17
167
52
301
125
268
203
67
124
87
348
622
202
351
252
22
356
213
10
336
681
437
472
39
46
326
12
201
118
28
245
2
122
196
344
10
153
250
186
541
1
92
250
383
23
80
309
79
228
79
290
26
405
52
237
11
7
5
111
272
10
73
634
106
328
360
42
57
2
596
26
362
99
116
136
196
352
178
89
90
16
30
10
19
142
62
190
74
33
89
709
181
72
176
19
294
363
522
253
213
446
287
558
2
110
199
175
366
57
460
229
561
49
137
615
37
199
52
136
12
374
129
9
245
266
60
49
548
104
68
132
27
28
359
74
39
200
56
285
103
374
276
325
583
56
94
15
87
261
80
34
13
36
1
167
192
0
290
62
247
35
436
4
440
28
316
194
161
142
117
85
62
1
170
253
262
109
255
528
146
148
278
129
181
35
493
67
97
164
75
284
55
9
224
239
268
104
9
49
5
48
680
64
91
21
40
22
189
194
26
140
270
212
414
270
366
522
65
9
174
13
353
92
20
36
375
43
136
17
162
497
108
472
92
43
262
200
112
655
215
10
60
55
119
154
52
139
526
21
82
221
252
201
185
335
330
27
18
247
8
453
52
26
283
29
493
232
13
132
143
404
186
67
52
169
179
123
296
331
342
302
111
498
380
477
308
248
92
167
64
193
69
284
34
125
69
63
66
125
61
404
71
61
37
88
3
385
505
255
309
185
299
722
78
195
31
68
54
167
278
64
248
45
227
528
389
534
419
28
40
58
213
34
279
1
575
253
91
8
154
87
126
377
66
10
233
178
387
63
527
267
189
346
26
267
693
590
318
356
85
118
270
13
10
92
119
4
385
466
330
238
85
46
683
212
295
63
38
39
307
155
79
75
65
60
346
4
332
110
240
60
63
17
318
75
191
19
153
163
4
454
246
105
498
73
8
67
54
113
4
251
630
244
220
141
747
59
43
53
586
563
2
495
262
413
285
399
118
32
22
362
144
336
34
80
110
115
10
409
4
63
227
96
5
155
100
8
523
488
54
53
140
713
542
19
18
122
126
22
632
45
188
111
104
492
243
501
408
139
192
177
6
37
46
101
624
85
240
108
21
5
280
71
131
112
114
172
146
23
2
78
108
22
430
330
469
768
356
661
397
333
143
210
576
349
682
299
140
185
138
413
119
207
264
133
528
109
2
315
4
27
183
194
428
32
46
35
354
13
29
312
486
443
220
0
204
72
452
387
126
291
255
196
427
7
84
33
510
332
263
77
45
98
55
503
110
414
19
15
41
76
215
0
322
386
8
161
220
8
529
315
171
138
148
203
502
89
46
59
201
487
734
148
42
142
109
167
548
373
122
285
9
217
396
353
210
157
186
173
461
24
12
179
300
182
253
319
160
300
21
143
433
270
0
144
96
243
115
6
95
321
2
6
29
481
101
44
274
559
424
29
260
551
541
316
258
100
43
432
371
357
232
427
362
21
125
139
52
4
249
557
138
408
319
177
140
9
263
93
532
25
213
107
252
299
369
19
246
193
41
17
81
150
134
115
398
15
219
4
45
230
12
213
362
476
425
400
189
423
193
0
351
168
574
94
56
470
298
258
31
440
471
214
22
90
69
37
108
180
145
72
259
78
117
17
107
10
468
410
15
142
212
63
22
9
36
529
105
176
79
454
1
186
257
124
312
130
238
22
282
454
499
10
498
303
68
216
268
70
322
142
7
181
465
223
21
228
367
20
97
476
52
244
352
7
73
209
452
32
369
8
351
117
590
32
223
66
116
111
174
288
354
135
62
353
359
34
329
220
6
587
341
12
247
448
380
279
19
292
332
1
83
149
75
528
46
0
424
4
399
88
117
39
244
93
11
303
169
445
69
106
461
225
154
56
465
51
342
428
73
245
27
10
9
326
2
156
20
38
190
84
406
268
289
552
128
179
114
532
10
124
330
49
4
368
16
43
43
234
130
164
228
104
478
27
200
544
73
163
207
285
246
90
25
24
154
193
477
692
8
71
39
457
142
491
46
6
181
58
105
152
282
782
14
0
252
374
71
106
247
325
265
720
58
61
133
1
4
89
48
522
483
166
288
36
523
657
76
490
226
59
40
350
82
256
24
34
472
61
320
530
7
59
419
11
184
626
124
280
17
0
107
225
92
256
363
352
71
303
355
35
41
61
401
5
52
54
109
135
10
259
5
173
425
31
69
86
573
86
0
218
426
99
407
79
23
105
6
212
571
31
497
126
281
132
580
277
596
270
479
12
161
76
335
11
77
103
23
143
492
256
357
48
67
9
88
552
316
0
179
54
366
95
253
586
20
80
22
19
10
604
7
61
7
19
253
138
25
110
112
211
116
106
26
384
492
397
140
226
601
753
77
93
506
5
469
334
5
252
65
227
158
249
333
490
30
33
75
16
244
524
218
26
329
22
85
153
343
234
449
21
105
184
91
106
384
8
405
319
51
606
349
546
64
110
6
648
23
287
35
209
518
316
13
138
325
93
158
673
6
267
223
339
70
187
235
112
535
195
345
69
22
86
9
0
573
41
191
38
73
156
247
662
13
345
114
302
153
212
59
201
576
39
411
289
28
380
36
75
540
210
141
110
47
199
88
444
366
211
273
600
1
24
313
43
392
24
490
478
3
3
60
33
43
336
14
172
107
153
398
20
604
261
14
347
145
300
19
120
23
373
112
455
10
114
181
59
5
292
228
133
21
175
145
98
115
20
124
279
429
118
365
373
133
197
124
122
86
2
213
7
619
10
141
333
173
118
63
263
158
50
226
53
152
303
193
616
109
49
8
9
292
179
426
421
35
394
264
42
308
513
167
668
12
154
81
581
101
504
23
30
194
540
44
247
146
8
177
235
571
5
126
4
193
565
361
51
325
17
93
74
133
85
308
299
284
20
159
89
24
30
56
352
685
201
82
48
364
354
24
89
401
369
10
18
229
16
51
264
81
278
283
37
303
196
240
399
28
129
5
92
587
30
81
187
488
142
31
118
11
153
340
51
406
396
158
137
3
26
456
101
18
60
428
500
368
133
18
5
274
529
33
142
47
109
9
476
549
8
213
40
216
22
595
69
10
402
137
33
183
25
208
202
26
53
291
40
169
70
201
22
56
99
163
176
469
35
13
157
266
181
4
52
16
350
36
3
223
348
78
411
228
35
399
134
132
149
272
502
182
12
115
156
89
130
48
208
234
81
0
87
345
15
26
74
115
204
383
627
333
10
87
250
313
80
76
101
408
137
213
19
693
459
304
279
1
136
0
227
124
317
308
226
51
70
202
84
34
177
79
360
58
245
105
2
58
32
7
91
11
75
264
2
2
439
19
115
179
273
47
578
83
70
154
20
51
267
66
33
415
229
327
270
11
51
40
102
248
34
36
46
52
479
263
92
89
9
31
165
331
13
21
362
365
48
332
20
458
57
431
143
34
56
8
22
20
164
383
69
387
254
114
113
164
85
85
19
0
34
638
281
183
105
9
290
86
280
640
120
367
2
248
406
405
288
740
57
246
348
25
308
334
26
226
147
283
109
430
102
154
111
56
19
393
173
160
587
17
18
403
348
284
469
160
139
53
573
78
65
610
19
53
233
552
82
399
290
9
92
16
98
336
3
200
193
665
229
45
389
2
341
7
408
134
647
384
8
125
354
58
186
28
165
78
31
108
13
161
6
73
302
318
298
556
45
7
265
39
24
8
162
156
442
250
191
261
286
60
208
575
159
19
195
57
456
483
37
412
2
370
7
425
6
269
73
167
210
379
15
315
148
83
138
283
343
658
4
210
296
186
28
556
53
187
450
6
120
422
199
74
122
69
235
626
92
1
414
7
294
629
337
619
156
311
38
11
30
12
30
637
20
103
226
305
222
92
408
290
414
48
5
414
251
212
475
2
112
60
67
189
307
251
117
219
11
385
39
247
36
201
282
7
524
150
0
700
299
363
204
300
45
55
487
369
59
375
7
222
85
22
204
43
139
14
440
14
47
24
169
297
443
224
211
60
164
49
2
235
105
124
26
97
7
4
3
288
15
168
109
80
62
358
377
149
270
231
0
28
48
33
52
28
556
124
9
165
133
431
177
216
247
66
329
3
200
156
350
144
47
153
152
0
186
346
27
203
548
40
0
187
299
130
112
36
273
96
186
2
24
156
120
458
123
0
3
136
19
135
295
202
225
287
167
215
208
85
294
80
183
636
79
22
8
155
17
303
322
24
88
189
183
661
36
30
42
257
318
22
151
304
108
81
237
125
122
4
41
96
261
26
83
75
280
43
223
84
367
301
110
314
90
324
43
20
425
512
101
128
347
53
53
189
647
254
140
603
60
24
66
129
119
30
136
521
71
100
19
96
225
365
61
636
193
199
280
138
22
2
55
321
83
359
77
55
228
42
233
515
63
111
45
3
193
290
77
30
217
302
493
0
254
10
265
63
472
44
5
84
96
100
21
368
155
68
378
83
183
204
236
98
597
93
20
371
711
97
489
195
162
172
211
76
2
11
80
67
142
328
299
23
200
26
383
122
163
248
361
165
162
132
0
6
21
290
560
399
15
540
219
322
274
15
300
646
71
513
53
14
42
480
4
54
91
576
189
200
511
187
603
52
13
21
253
357
117
39
101
121
303
209
27
38
168
349
375
187
10
259
412
139
178
478
61
79
324
42
69
73
576
0
57
283
357
254
294
109
65
4
474
285
566
265
228
356
293
388
106
181
366
569
157
68
60
251
367
36
29
91
82
165
34
180
27
258
200
310
148
27
299
155
36
29
35
51
619
131
209
119
6
652
432
17
121
265
214
220
228
17
539
538
360
121
229
289
272
123
0
247
87
104
74
697
1
237
20
62
196
57
226
5
21
483
28
473
182
52
195
447
165
62
53
185
63
60
452
187
157
251
145
253
525
363
15
32
334
20
44
243
658
298
24
16
124
54
62
726
601
7
490
27
637
473
386
304
281
151
414
659
158
147
70
6
145
64
356
476
78
54
144
361
637
23
494
225
174
1
477
380
154
90
16
280
5
234
20
10
20
105
506
104
41
265
105
70
17
209
35
50
170
536
343
427
93
275
378
211
564
42
307
234
194
53
115
333
2
3
154
133
41
21
43
187
4
50
248
356
47
186
33
13
329
343
425
179
340
37
145
183
161
27
573
282
25
0
217
108
210
2
105
222
85
83
50
398
273
264
507
130
479
56
29
322
303
11
282
73
93
156
0
95
73
95
67
391
601
170
520
368
150
150
79
186
32
31
42
224
83
7
300
122
393
154
231
272
542
614
253
193
212
257
384
524
148
194
258
53
204
319
32
655
130
107
96
10
114
20
94
272
1
8
173
9
126
63
120
433
41
174
29
12
336
4
328
25
187
169
404
514
111
208
440
125
586
68
553
51
310
73
310
17
84
512
159
36
291
428
30
93
416
274
104
287
33
246
505
519
473
138
237
40
101
251
62
41
65
49
250
485
26
2
84
3
193
74
121
4
99
87
14
36
284
48
416
32
476
351
124
600
158
553
281
28
291
197
680
221
44
127
18
219
510
11
220
281
621
181
76
162
213
271
421
431
59
78
109
7
91
346
502
55
9
172
35
97
96
395
541
251
2
310
195
500
61
403
84
23
58
364
15
30
107
225
141
268
494
172
1
193
226
92
234
4
86
503
413
203
607
107
355
681
420
427
57
449
12
329
46
294
147
393
92
105
10
344
0
99
46
56
135
53
355
126
162
84
422
236
580
86
138
499
238
30
256
147
483
154
134
638
299
38
169
196
605
484
146
64
717
79
312
394
580
505
286
167
179
4
426
25
298
313
15
524
649
70
338
159
32
42
216
49
31
638
471
51
13
66
57
371
461
30
96
374
170
172
42
247
244
529
29
123
292
461
31
264
6
33
359
111
176
320
565
321
278
173
4
74
129
117
21
374
35
253
61
11
118
517
120
76
204
372
0
94
333
498
352
286
110
568
88
411
66
33
58
76
302
197
29
374
1
6
33
223
52
634
109
101
402
293
3
116
40
13
113
567
356
67
432
308
44
6
280
526
61
207
709
72
128
189
81
108
379
111
208
57
23
114
230
284
333
203
164
298
161
31
70
268
203
201
217
61
85
35
174
226
149
174
375
305
471
3
153
119
448
30
161
13
151
19
231
592
553
46
519
151
6
28
145
12
34
557
159
322
454
34
55
69
114
151
7
384
1
205
350
476
127
193
8
413
380
12
136
235
364
614
208
72
703
115
280
6
246
102
533
2
260
342
250
30
270
327
304
463
73
71
11
441
85
615
265
210
209
0
498
270
60
122
23
9
481
15
74
74
167
637
526
8
178
396
39
682
55
20
28
28
310
39
43
0
2
12
451
24
43
65
310
148
263
545
472
244
78
313
513
277
10
304
389
3
365
42
498
40
592
48
177
195
80
70
235
0
81
566
21
191
655
162
65
102
83
273
433
147
528
7
286
101
34
120
363
91
431
198
18
501
34
143
531
81
247
212
314
80
385
17
91
420
354
72
206
4
323
277
443
199
124
325
109
292
480
27
401
374
263
589
203
668
75
274
456
485
21
67
63
343
243
263
32
3
395
64
159
87
128
161
5
192
32
247
314
188
322
523
154
751
258
607
606
121
86
1
103
600
239
267
268
61
330
97
158
72
266
51
152
109
15
101
148
47
16
13
153
145
38
278
32
151
296
101
23
109
299
39
100
452
119
193
16
135
247
170
677
137
727
117
8
17
311
35
320
86
351
32
593
29
327
45
187
148
175
342
103
7
133
259
145
378
169
240
226
353
196
559
270
444
161
206
588
8
654
146
641
307
69
635
295
12
69
98
78
58
250
55
13
89
0
76
225
454
76
22
79
165
229
191
90
17
156
22
265
100
442
117
132
374
372
144
3
10
107
165
30
81
733
65
168
178
43
49
499
363
131
49
502
120
349
196
157
379
409
351
38
137
58
402
11
207
36
11
52
446
20
62
58
7
187
127
303
106
428
3
8
732
151
180
62
244
2
10
28
466
32
40
540
314
36
45
3
8
532
275
216
111
407
132
317
638
526
52
159
35
45
328
153
19
51
411
431
554
51
55
185
188
315
382
112
403
475
109
179
709
106
11
43
55
2
532
7
324
314
195
292
248
409
249
210
156
77
64
255
636
251
207
377
166
272
40
30
28
261
567
143
69
431
491
1
611
202
381
64
226
222
19
47
306
29
3
18
76
513
253
448
301
675
426
130
28
28
84
623
597
284
166
309
16
61
12
52
90
154
44
37
226
221
6
30
412
339
329
76
56
336
0
235
90
122
267
240
514
472
1
211
319
2
163
276
12
248
36
74
92
45
117
0
230
387
501
12
430
649
1
65
348
57
17
142
223
164
390
504
650
347
391
147
55
169
