1000 10000
424
305
306
585
74
677
658
84
326
89
364
689
613
48
14
714
922
177
838
981
709
350
577
731
309
222
563
418
222
977
610
201
374
652
439
289
671
157
874
331
552
271
646
468
964
407
700
189
381
34
954
561
376
760
583
911
709
675
366
68
610
525
287
184
950
243
525
53
106
449
451
512
308
77
109
512
303
731
271
960
796
266
35
288
165
577
969
636
755
752
65
893
853
829
415
75
28
497
35
329
500
770
499
814
204
565
277
482
568
79
80
479
412
416
419
80
727
383
555
990
799
19
824
779
367
85
765
23
584
613
22
878
240
431
787
368
882
386
389
264
273
561
344
268
806
160
405
590
906
561
134
782
623
519
61
233
520
437
562
663
426
438
40
698
407
555
578
904
281
998
146
825
697
725
104
6
429
810
780
160
207
741
405
155
614
377
821
724
445
516
942
421
512
294
502
190
756
96
227
998
72
610
768
988
835
351
672
200
30
511
683
61
51
463
133
598
204
172
529
990
406
502
262
559
925
994
621
92
193
861
636
201
787
996
705
774
379
359
926
277
687
321
877
726
74
667
526
365
434
900
12
682
450
375
682
228
8
84
441
981
141
556
190
941
841
64
449
570
593
888
770
650
414
465
197
897
643
565
725
207
561
56
581
114
39
817
148
194
442
101
690
468
365
375
322
917
516
479
741
111
956
998
676
922
693
205
607
826
881
390
966
719
641
1
352
526
910
115
395
994
87
17
571
277
539
79
481
897
689
637
524
244
49
533
831
353
633
495
928
192
917
865
275
920
974
958
214
73
608
574
287
809
602
967
97
733
373
125
368
583
183
649
59
703
325
888
958
713
900
648
933
99
908
927
105
767
91
272
808
326
443
217
812
109
365
137
197
768
860
708
947
620
139
545
384
137
78
680
85
217
761
926
805
42
13
987
793
907
85
663
890
272
922
998
809
355
601
533
946
6
126
486
68
681
828
460
404
312
788
861
476
832
432
933
737
935
441
753
472
997
339
112
731
773
778
561
739
48
569
928
877
903
246
597
407
309
383
795
108
648
989
759
169
489
424
486
449
46
372
788
758
47
548
634
781
882
155
341
722
549
380
435
115
443
697
986
160
789
191
45
257
896
600
811
914
698
891
745
160
100
216
177
940
208
577
610
325
822
423
28
184
734
39
577
560
217
595
66
876
797
94
114
656
842
337
139
962
820
658
929
277
216
767
274
626
569
708
481
893
525
256
680
99
733
535
636
772
693
412
779
813
23
635
221
723
199
561
311
538
485
691
344
665
705
457
438
316
639
519
645
240
745
600
231
478
992
790
464
755
516
137
402
549
943
789
663
108
914
935
411
764
735
65
423
518
796
901
217
274
350
64
220
166
541
210
245
713
971
408
439
39
895
809
871
57
228
754
806
652
555
5
997
639
167
713
253
519
418
306
377
214
917
493
323
745
221
557
1000
902
435
616
222
147
949
907
540
443
25
924
834
489
373
600
203
844
50
877
12
280
880
949
601
168
279
535
933
570
212
500
757
197
594
637
814
854
533
316
718
691
616
191
532
963
596
272
860
777
6
10
282
581
749
171
690
409
177
726
175
711
464
367
897
361
978
390
236
35
769
447
522
673
169
355
514
510
594
425
907
36
427
960
450
841
644
791
119
855
540
456
730
224
336
112
465
843
928
183
792
884
130
465
850
387
783
328
797
491
677
420
592
491
813
857
773
34
64
125
1
467
610
44
654
762
643
676
698
425
554
592
204
367
260
412
546
633
388
634
253
92
932
333
399
255
353
610
630
379
12
796
158
805
691
387
881
499
288
226
287
419
464
716
501
179
668
512
496
867
228
919
991
500
962
263
278
117
705
683
41
386
200
323
1000
178
409
891
349
931
600
446
337
711
840
779
356
698
835
954
121
158
906
112
25
495
353
402
311
515
12
849
552
60
468
770
239
700
83
954
558
736
264
871
199
646
835
36
875
402
779
781
854
349
365
416
267
73
480
827
299
994
45
858
424
899
799
447
829
700
53
235
860
915
485
635
195
655
284
216
889
78
530
27
17
570
395
547
888
371
992
238
449
341
718
468
58
559
989
573
378
491
531
23
217
950
185
549
988
950
907
21
915
258
781
130
322
607
889
146
479
343
355
339
498
811
617
793
276
128
212
347
435
921
18
187
276
929
363
55
98
26
233
556
207
257
907
47
898
845
849
252
46
642
343
366
797
531
173
68
904
717
830
144
30
669
677
356
824
747
982
948
383
14
211
394
49
962
701
534
191
896
751