1000 10000
620
40
559
564
335
254
232
821
734
510
849
694
819
708
321
865
601
492
934
629
684
243
220
341
538
956
436
822
495
499
631
979
40
153
202
887
359
117
205
798
521
389
104
489
359
911
378
276
597
640
466
241
27
352
501
189
294
840
751
449
286
899
676
513
282
104
506
840
24
720
245
722
664
429
969
359
916
911
667
205
359
147
225
356
921
321
385
532
959
858
414
340
421
691
889
371
367
339
381
244
520
497
15
483
684
647
98
932
418
520
266
618
636
279
934
647
293
115
256
530
929
455
499
150
913
172
334
45
773
554
420
391
449
519
959
928
711
286
975
986
428
475
696
32
366
888
935
605
889
490
630
556
423
524
311
431
99
953
705
518
636
12
419
743
799
675
382
745
92
327
22
150
557
375
795
665
507
895
708
249
535
616
264
142
213
662
130
436
131
477
153
343
208
890
76
930
19
481
970
92
630
816
682
670
405
507
796
23
969
191
797
431
198
415
992
702
926
114
378
491
925
899
44
164
467
682
23
618
754
365
938
786
697
813
119
500
915
110
834
558
639
558
471
420
815
420
468
214
91
941
22
991
100
944
481
977
602
645
879
154
241
27
851
230
305
168
294
814
475
363
935
173
527
323
785
204
735
402
310
516
795
873
265
552
557
888
541
614
69
11
974
96
751
6
47
369
362
461
113
614
806
581
837
496
373
237
835
19
180
764
818
446
32
422
351
962
511
354
711
555
475
850
563
446
523
131
283
294
371
84
632
1
112
860
270
421
131
77
766
644
752
374
95
850
940
929
791
161
910
467
799
693
844
691
418
238
485
902
223
534
635
929
453
107
80
932
560
639
620
992
245
49
412
712
528
182
742
370
898
593
185
631
931
924
440
612
115
190
800
904
782
349
688
663
189
777
176
237
551
979
225
985
706
885
534
151
785
122
954
552
706
584
733
909
767
394
338
375
170
23
636
338
809
871
844
486
221
921
125
487
460
494
59
626
2
708
375
123
75
631
459
129
63
527
916
702
83
187
734
16
226
234
821
229
231
930
646
210
648
865
939
61
351
655
496
536
726
386
149
373
972
334
678
122
685
24
491
35
68
945
628
697
27
688
464
361
591
425
472
980
874
320
841
678
635
784
187
788
649
970
575
335
907
818
685
686
570
826
155
518
955
21
534
299
985
456
530
43
7
881
931
243
945
408
816
806
924
569
183
923
615
264
864
723
14
664
802
725
948
563
999
338
979
920
213
460
200
904
731
684
249
881
991
794
898
861
746
75
710
15
32
305
250
363
447
931
457
515
84
670
271
519
201
450
913
853
40
234
596
314
643
891
279
905
777
331
471
594
616
911
576
965
134
429
755
780
202
37
12
722
90
414
307
287
488
934
863
317
956
435
19
17
99
28
496
443
222
784
585
38
8
240
26
275
174
21
307
672
893
826
761
348
502
896
781
631
160
96
671
13
720
816
823
109
398
401
12
209
509
646
755
298
106
377
111
556
473
677
741
658
6
72
535
543
893
629
733
401
845
961
818
41
203
190
439
935
924
364
25
599
686
531
208
768
759
761
222
593
68
415
107
346
10
562
415
651
201
989
641
381
363
698
928
416
870
922
228
201
201
657
250
267
141
514
86
817
563
911
759
851
103
595
247
151
817
450
591
243
855
225
647
322
468
943
240
143
774
972
331
460
471
797
630
60
289
560
207
69
570
641
915
605
931
511
360
827
463
367
670
270
875
864
4
273
952
270
20
141
581
221
505
205
568
470
485
355
743
100
929
467
647
51
981
480
802
835
760
8
656
889
234
757
893
845
476
571
389
670
833
466
224
750
380
742
674
647
961
334
532
827
836
672
754
646
11
494
363
973
89
703
763
322
466
677
748
488
642
722
470
131
434
848
884
553
133
423
715
672
134
953
941
454
958
249
694
519
237
937
248
972
461
917
168
97
971
260
390
22
430
325
100
217
531
103
109
453
724
798
667
144
83
418
519
936
774
202
688
323
152
68
89
489
376
312
816
267
972
760
376
429
120
864
432
495
68
305
977
303
318
764
502
797
151
117
15
233
507
351
513
452
583
6
420
701
699
85
468
340
398
223
457
881
798
332
355
219
179
905
908
551
474
754
102
536
586
88
924
808
395
206
627
127
309
212
87
101
804
428
60
583
1000
84
891
379
943
551
719
632
213
2
289
111
532
73
714
663
785
230
288
715
348
732
508
556
991
466
1000
171
954
946
995
894
487
475
48
387
66
857
559
221
502
109
959
316
372
827
34
338
692
762